Root
3405
2496
4546
6160
4009
3097
6667
89
7363
7889
455
4681
850
8030
122
4023
5988
7051
925
7622
7498
1590
6863
6788
895
409
6889
4905
2350
4214
652
5908
194
6051
7193
7937
2832
1574
5532
6196
3830
25
5210
5639
6860
6256
1838
5800
1713
3911
4138
4903
4235
2804
2404
3706
7565
700
1362
2960
620
7731
3600
3729
5585
2314
8253
2554
6700
5778
276
5852
6123
8117
1836
46
858
874
3793
424
1430
6766
5107
6258
1597
5138
3285
2212
1560
6923
3399
3836
5554
6275
7639
2943
1203
3752
1736
3176
1551
4251
2179
8172
1917
3848
4595
5810
5763
1723
8032
5219
4186
2645
1542
6350
4722
2073
7996
6164
5354
907
7166
6641
3010
5139
4252
4863
2673
593
2521
2785
5339
560
7499
2703
1457
778
584
7005
3131
7645
3680
4787
877
1124
2231
5137
5440
5186
2384
3741
5288
6203
1440
2567
7437
1325
569
6869
1672
5914
7199
4585
2308
6582
6420
1821
1753
3374
7179
7181
1984
3948
7955
898
44
6260
980
6847
310
271
5986
5503
95
4957
5661
8183
3894
258
2873
4703
6090
1011
5546
2935
6531
890
1954
2007
4486
4771
1486
5417
2446
255
6021
2054
728
6195
7346
4096
3609
1943
7820
3222
2261
6920
6183
4140
5808
3605
3814
959
5543
4086
7387
5112
1059
7984
2188
744
5530
5420
7672
2291
6852
5861
2970
3963
7373
3409
5619
3135
3159
6546
1292
50
1049
7945
1243
3689
6462
3306
7822
1583
1678
7928
2364
6719
1352
7345
2749
3352
5475
228
6394
4079
177
1437
1424
804
1506
758
2480
701
6301
3900
7684
2359
2136
7696
6357
6201
1286
5255
6331
7650
6972
7841
4247
7438
732
2066
7154
2452
7049
1655
1500
1129
1337
8201
5730
3329
2035
7004
4018
342
767
5345
576
5348
4316
4000
3489
4717
5529
15
8288
4747
2694
5270
4635
5284
5631
4114
372
4361
1522
5894
3590
3952
7287
168
1469
2833
7311
7510
6740
4039
4700
2138
5521
1112
3699
1176
1376
4954
1636
163
4691
3693
8062
638
7299
3175
5811
4783
5867
2886
4421
6373
6397
3672
484
3701
642
2238
6387
4906
336
741
8007
7992
5606
1683
1896
5310
5525
5193
4408
3727
7777
1845
8252
4970
2666
3210
4581
3879
3508
4127
2512
158
2947
1716
8281
5777
2017
3227
4046
1802
4732
5862
5003
6118
6874
3353
3571
7946
7352
938
2460
6113
7923
5793
5832
5806
1776
1659
7993
314
7174
7537
2805
6599
2442
5636
7267
3797
6166
7957
852
4977
4751
8327
4858
672
5542
902
1592
5949
1050
4267
7509
2744
7284
5371
7930
1211
7956
8056
3789
7062
670
3404
6940
1942
4561
2674
4687
6065
3737
1492
2602
1114
3991
5277
2702
8323
6243
1924
5889
7799
4200
3267
2469
3217
680
5628
8131
2243
819
3874
499
7469
7649
2778
4224
8165
7170
2760
6896
2585
2382
3265
6494
5254
3052
646
4902
2229
2980
4332
2590
4944
3878
4326
1199
5347
5104
509
713
1839
6844
6170
6358
3829
1255
2158
984
2991
4202
3348
6141
504
3136
1966
1819
5476
8002
6625
8016
3103
6960
1155
727
317
6622
6552
4819
5158
1612
167
362
6000
1279
3114
7667
8094
5869
7477
2997
5505
6070
2192
5609
8036
1276
5338
908
6056
3530
6786
4482
1082
6254
7834
8187
4191
3726
7586
6193
3673
3553
5220
1220
2156
3749
1107
5999
7125
2906
6416
4547
660
5235
2964
6778
5509
411
4981
2012
6693
1422
6568
5245
992
2766
3089
3512
4402
1791
3205
5496
2828
5032
968
1173
5143
6908
2298
59
2625
8315
3683
7976
7915
3732
5512
4242
216
2014
8218
705
4265
6774
5299
1347
3272
31
6300
5538
7605
4154
7720
7697
5330
7859
1206
4168
358
5865
6813
7723
7452
6974
2982
1109
1004
38
3138
8092
1731
3961
7920
2888
1264
7502
2871
1616
7982
5121
5061
3169
6107
6140
7788
7239
1245
2634
1277
5324
6694
6148
5300
6347
6184
186
5206
6306
6931
486
7402
2860
56
3196
5540
7041
2973
5970
7397
423
7093
7972
4418
2353
5844
5752
542
6728
8151
1628
2435
3087
837
1964
1900
2880
4535
2926
7511
75
1357
3030
4893
8026
290
2897
4118
6137
1012
8307
3202
8257
7012
7627
6096
4528
2491
7416
2458
6248
5722
5834
6979
8328
1559
7839
387
3778
3113
1580
4181
6870
8138
7735
6553
196
1316
7262
6792
4598
5930
6877
2718
5160
3572
3756
4895
1318
2714
3332
491
5170
4685
1078
327
1661
7442
5008
361
514
961
602
4740
4766
7813
7595
160
1915
582
544
3397
7330
5021
5411
4741
1125
474
2878
7995
5365
1640
1166
1985
2362
5323
3935
6692
4091
4376
564
3557
1967
1502
5802
3537
8100
5305
2019
5307
1732
4843
7280
1201
1596
5648
7990
4279
4505
3735
4196
1822
7223
5301
3675
554
3884
245
3293
6473
8170
1566
8210
2008
8010
1301
1572
3899
2788
7863
8043
8179
5929
4460
6178
4082
5451
7043
2482
6052
3223
624
2411
4515
2698
341
1253
2481
6083
789
5630
5883
1521
1798
5054
2068
5238
6488
6884
831
5791
4760
2082
7580
7520
7978
3208
1920
4497
7450
2825
2492
521
7115
2652
2026
2455
6158
6392
3402
3679
8303
5660
4952
719
740
5907
7362
3917
4439
6139
3993
7785
1622
2429
1503
5304
2143
8072
6384
3875
4059
4444
4109
8304
7600
8241
6753
4406
5813
5993
4777
2284
813
1658
8334
413
7736
3805
2360
3284
5942
3450
8099
4636
5446
5145
4545
1289
4230
1782
5809
1808
4797
209
6704
3818
3166
6227
2559
3511
1331
4553
6411
7769
5797
6500
5309
3484
710
2927
7085
2076
5303
4087
3413
4670
5182
3188
2588
4688
6963
6115
2731
4864
2920
7719
4752
5573
5207
5924
547
402
6523
4712
2352
7425
3622
7512
412
622
966
6750
3705
5571
8022
926
3579
3290
5805
2161
5174
5454
2641
1358
5693
1198
891
66
3994
2418
1666
6030
7167
543
5017
3744
6210
6061
6089
2951
6650
349
3696
7602
3482
591
2306
2127
4021
2133
3078
5248
3023
4462
7161
2385
5682
5202
8142
3387
6597
2215
4346
663
1400
784
4156
4976
6257
7315
537
6593
5113
2977
90
7274
6638
6240
1043
3322
232
5581
4149
3292
5464
3506
7269
697
3273
2553
1064
98
2369
7741
6044
3918
1266
1623
113
6144
4249
2752
7270
5066
1770
5602
4380
6122
4563
5185
1988
5389
127
3634
4104
6673
3658
8234
4918
7743
6323
5180
137
4315
2213
143
5700
2635
7695
3581
1941
1068
2605
3310
4724
5597
5250
1073
7204
5823
1675
2331
5236
3885
5731
7095
2813
2520
2171
1541
4614
7258
2199
7419
2900
3124
3350
5149
6132
5326
6465
1045
749
1456
3498
5643
990
183
3154
2122
427
5131
6951
3655
5413
1299
3140
190
7138
1106
3536
229
3102
5558
6415
5962
7830
7870
5963
4297
2969
3980
2524
230
2371
7621
2036
6126
215
2835
7897
8168
1958
969
2504
5445
6759
5412
5713
1859
243
2366
5909
8232
8097
3851
1163
7584
5589
6665
3289
1366
7252
1479
6370
1911
4325
3453
5098
1414
2599
4174
3711
6966
282
2112
4344
2258
3659
6458
7977
694
7828
1271
5688
771
2910
2851
6092
3283
1579
1088
2416
7126
330
6943
1950
4359
5076
4655
6856
707
2535
4081
6569
2265
6800
6110
6120
946
7934
865
8273
4664
682
5843
906
1952
2802
2178
6532
7756
5370
6834
1531
1578
8244
2389
5111
1671
6603
4008
1385
6100
2562
4453
3684
475
913
1338
3808
4255
5251
4638
5669
2999
1806
6941
592
1160
579
4347
6912
8146
7104
4053
8285
1979
508
5102
809
4072
4198
2413
6225
5522
6567
530
1452
689
3747
4648
6595
2250
7620
1860
2109
4995
8325
2519
5438
8025
4922
2584
623
7042
2110
4025
1142
1778
666
3769
1891
3408
641
2669
3934
1060
6067
6916
2852
7631
737
2476
4646
772
1837
1069
696
6868
5959
6642
2093
1888
721
6057
5050
5918
5044
3486
6298
4927
6929
1576
1416
8161
899
1431
4435
2000
8159
3435
7727
3115
6108
2531
7485
2925
1739
4017
2281
5940
1591
7968
3531
3277
6143
6438
7699
8222
935
587
8065
4225
871
841
171
5428
605
1237
6934
432
2181
7116
3652
1118
4
111
7079
3016
5755
4672
4701
6662
2741
8
7685
7853
7254
2972
10
2919
6530
3898
3858
5504
2198
13
4329
4132
6172
7256
7869
1171
5280
2042
6478
4070
4041
8027
4677
5697
6441
5510
709
7781
1030
1204
7513
681
254
2225
5386
658
3207
2223
2111
6783
7188
6652
5079
3619
4631
1191
7271
4283
2984
4263
8195
33
283
7628
7364
4725
575
6213
39
40
5295
3066
1126
7281
915
2157
868
8194
2715
1746
3179
7852
6267
3859
1878
1682
6841
2934
235
5123
2297
5681
6274
6495
1393
7295
2868
6105
3697
7744
1468
3254
1800
435
3203
2692
674
7500
1117
4838
3421
7109
5241
7921
386
1016
1035
4782
2441
7521
4093
4484
8331
112
1536
7966
3903
3896
4062
3936
2696
2102
820
7129
8066
7177
1371
5019
2220
2365
3357
1089
4551
3720
6133
7218
431
7626
67
7962
68
2257
363
1884
7471
6715
603
1135
7070
7110
1139
6162
299
3325
8147
1321
5356
7564
4259
2148
3702
4367
1589
2819
1893
1923
1116
4305
4661
197
4852
3231
951
7576
220
7688
4828
2315
2288
5765
3412
4477
445
7653
2278
5733
6658
3860
880
7342
4765
5792
644
7268
2342
2126
5876
2583
4613
7623
6321
247
5978
1119
8144
5441
4618
3280
2743
1850
7334
3012
5366
3791
5551
2649
726
93
7067
4707
5548
2498
5069
6279
5063
1818
7883
5119
1709
824
3009
596
7632
507
1901
4791
7153
7715
3724
5152
2322
6028
5414
7448
114
7331
802
2078
1128
2316
5419
3574
5699
6819
307
7739
1235
4870
1902
5977
8069
7245
1913
399
4105
5647
2842
2202
4419
7704
3085
5969
6167
5507
625
722
5736
5492
6772
8063
7881
881
1734
6739
5184
8296
1439
6812
2406
2433
7394
1300
6513
1774
141
7989
4350
7420
5583
4102
8102
144
6815
1563
5164
5406
6278
7536
631
5519
152
4940
1465
4716
2717
7533
6602
872
4203
8306
7335
4492
4112
5684
5536
488
5920
4250
2821
3287
520
378
4309
2106
1685
4397
8176
7851
7059
7022
7949
6005
175
5996
6872
6163
3534
6685
5484
4849
2515
2555
2129
7614
900
3801
4144
4171
3638
3278
1788
4169
7811
735
3627
5533
2959
5030
191
4289
2615
4645
1254
221
1246
5870
3586
2945
639
6580
2164
6548
4964
2763
6735
2940
855
730
570
2847
7772
7908
5766
1478
8011
5091
2572
3252
803
5729
7651
5545
6245
4074
5592
3646
1700
6467
5402
5614
8141
304
1429
3780
6034
3806
7951
832
7053
7383
5626
3612
5215
4029
2915
867
8186
7117
2806
240
2312
242
6390
244
3423
4427
4653
5653
5884
6200
6925
329
5169
6629
4049
5281
1710
5337
4360
3111
912
4007
4308
1665
4620
2227
1626
7339
6214
3426
5744
2275
2501
5613
6748
4929
2640
266
6066
3513
1241
269
1862
808
1145
1446
4468
1684
2761
1259
8310
765
4723
7203
8042
3312
5858
4002
1794
7292
2505
2408
3588
4603
7821
1527
2680
4739
3168
7192
4173
6807
7472
5410
7802
294
6307
7528
5016
7140
1832
4188
2174
1687
5837
6142
5068
4335
7449
2613
7142
410
3109
7893
4637
3388
647
6822
6708
986
5363
323
2606
3521
1261
1345
2118
7439
7680
1768
7579
481
4812
2002
8169
7910
5377
2137
3269
7794
4056
6803
3822
343
476
347
1844
2724
6439
3059
1947
7462
3302
3471
4993
7814
1403
7884
6134
368
1701
5997
7415
4355
1668
4909
2144
573
6175
2579
6946
6152
5838
1856
3949
6381
5595
2874
7099
4212
3721
1689
7679
6436
4193
1826
8211
2807
626
4226
2269
2494
661
1192
4992
6832
2642
5594
6725
6793
5134
4287
972
601
5172
7038
6660
5291
7900
429
6497
8274
876
3892
2146
6705
6037
7234
5155
4630
1221
5395
465
1946
7759
6377
7517
2729
2354
6583
4436
6453
1537
7481
3745
630
6236
487
4098
4749
4748
2378
7898
5398
4584
3923
6550
4099
6688
3863
4390
2779
2074
528
2720
3861
540
6666
7503
4401
6679
3904
695
3921
2548
8074
3840
5596
5524
7228
2751
5629
5090
1599
578
4809
1516
4403
581
8101
1407
1681
2103
8140
595
2795
8112
1812
3041
3112
8139
1793
3552
8003
7550
6482
1328
5380
6427
2814
6556
5975
4601
1653
6194
1799
7303
627
2131
5638
5263
4284
2185
3401
3259
2373
1339
2578
5568
8174
1193
7392
655
7441
6234
656
4516
4641
3199
2087
671
940
3739
4588
3080
2872
6876
4626
3046
1953
6262
7795
3216
3967
1797
4808
7200
2470
7235
3476
5482
4671
6099
5014
2173
2461
751
2811
2072
759
4158
948
3314
4331
2704
7587
950
7655
1425
1281
3985
2506
7891
5822
2464
4067
5239
4433
4999
6961
4527
4258
2859
2440
1535
3255
6722
6251
3969
4572
7195
5437
861
2831
1545
1505
5711
5566
7403
4076
2762
7145
2271
6217
2733
3422
8038
4523
4409
6276
2323
3759
4057
3662
3938
965
6838
6168
5818
7075
2651
1105
4904
1491
1001
2956
5877
3494
3014
5449
2668
4642
6180
3377
4934
4373
7119
6322
1141
1156
3633
5980
2304
5900
4480
6408
6891
1194
1207
1813
6681
8081
7553
4973
6309
1284
4840
5038
8258
1344
2933
6628
8276
1373
3738
3812
7229
6477
1455
3623
7581
3256
1485
7974
5926
5332
3838
2034
3410
3184
6935
7702
7641
2222
1722
2750
1982
7155
2424
6460
4997
6574
5126
7127
6918
7130
2207
6612
7359
2663
2101
3327
2303
6501
5502
3776
2608
6789
2848
3075
1440-1736
890-4681
4214-6160
5724
1153
5782
1881
1894
5564
1364
3
8106
5252
5937
2194
4440
6082
5392
7854
3913
203
6333
5436
7809
179
1544
4342
2580
4293
6
1614
7321
1394
715
416
4882
1870
3395
12
675
2987
170
1361
2349
8322
3431
3419
4378
8247
2434
2621
5976
3297
1587
6736
829
2399
6293
199
2357
443
6791
3382
678
7953
7692
607
18
3042
1213
5898
7501
2495
7816
189
4742
7293
8087
4323
5124
8012
4286
6069
6483
3011
6103
2098
3656
8177
3248
3438
351
866
8261
4634
28
4605
2725
6239
7007
373
833
7568
3158
5944
8182
8086
2867
6962
2237
535
4004
2837
42
2016
2952
4092
287
3137
7837
3925
1929
6522
7710
2667
5931
3247
6363
2912
3022
92
3383
1143
7712
4254
6745
845
7100
1356
1413
4481
4345
3890
48
7729
5796
7969
7609
8260
5313
4656
419
7646
2979
2208
5474
714
3866
5125
8298
653
3584
5256
3942
524
2675
4152
3228
4229
8133
7796
2332
53
3079
4668
1905
7074
4339
6758
5342
5097
5360
854
3445
1728
1877
4769
6244
6861
6493
55
7328
1057
6669
3083
7151
1250
1384
2052
5757
954
2249
4320
5654
822
4219
2347
3823
3214
2488
4204
58
2145
2423
616
6965
5035
6479
3976
4758
4938
702
7825
7754
1679
62
1971
64
3624
6648
4472
4288
5948
5726
5789
2184
6827
4177
70
7407
3340
71
7305
3529
2507
1399
6484
3275
5062
2180
5759
73
1785
74
4045
4454
6064
8073
3369
8136
6981
5657
1311
5645
842
848
6087
8259
4802
7542
2195
1095
4377
77
4651
5394
3439
5644
79
4447
331
7559
2113
1464
6631
125
8233
6950
2856
3575
83
6780
1442
5260
502
462
7654
85
7272
5075
8243
4054
1629
2801
5018
8215
339
426
4113
766
1557
911
1336
8111
3354
4192
2644
5349
2800
2978
2967
4410
4031
7033
7771
920
3474
5896
6125
91
2610
4354
6078
3414
4110
6036
7522
3418
5637
8150
2893
7742
6068
5271
4955
253
2854
4816
97
7219
3577
303
3086
7619
6983
101
5214
8246
8084
2550
987
5982
8301
7168
6687
699
2545
4124
2530
4972
1019
5955
6959
7659
124
3753
7648
7979
8045
3539
1928
4720
480
753
117
5771
3642
119
237
7847
120
2655
2727
6696
6249
4302
739
5481
2612
7191
4731
5343
7636
2041
5133
6404
5485
6342
6773
2849
5535
6723
2020
2132
2183
4566
5633
919
5621
7917
5205
4037
1849
123
4994
2930
3452
5549
536
126
2556
7607
724
3391
3831
1146
3939
128
6229
801
129
130
6647
132
348
6618
133
3620
176
860
6942
7987
8314
138
4554
2451
142
6617
1433
4901
5979
148
7801
149
150
5902
318
151
1062
6561
2431
5770
2774
1185
451
3139
989
8293
2391
6711
5314
4281
5179
2631
1708
4596
346
7815
3110
7691
2748
4206
3958
4060
5418
1833
1225
4190
503
3725
6401
7039
1130
1538
3463
3477
1904
4768
7840
3833
5435
7829
5232
3520
640
7616
1048
7693
3056
356
180
7298
843
545
2420
3914
6369
5351
995
4218
3367
4737
5511
4485
5272
187
7097
7652
3568
1051
7045
7784
879
6824
4845
385
492
590
7936
7671
8212
4276
3178
5001
5717
1805
7475
195
5148
7430
5612
2100
1703
5040
201
3003
2509
527
6765
7435
4562
4592
687
6820
202
7482
4923
208
8132
4471
7124
213
239
1388
5718
7189
7259
3750
7492
1771
7103
662
1494
4371
4398
6355
4321
2015
7343
3920
6702
3714
6365
223
3197
6402
3736
8251
4123
4798
4586
8034
1309
231
4915
3755
5635
273
916
1759
3632
2909
2489
752
1395
3786
4928
7999
4411
3966
8046
2827
1730
5672
4327
470
1041
7052
5820
3185
7909
7206
7077
1927
5559
5679
7194
1131
1663
2946
7526
5191
549
3510
4879
1611
5764
4754
7337
257
3798
6761
7320
3592
7878
1886
7916
260
6577
991
3487
3381
1188
5715
4047
6804
4865
2473
2105
7561
2263
6003
264
6986
7308
8104
374
1098
7970
8015
3499
905
7967
7806
1178
270
8330
3629
1680
2244
4985
1032
5233
3941
510
5893
478
3548
2246
5716
274
6205
6080
2172
1919
2013
278
440
3260
4351
6017
1632
4213
2532
1962
1662
7232
2746
4844
4245
2025
1983
5702
2711
2361
6106
3956
3032
7046
286
7687
6191
5831
7114
289
3180
5984
8256
2767
4510
796
5919
5742
5748
2858
1477
295
4779
2850
8096
3760
301
306
4935
308
6955
4179
1918
2191
4307
8180
1743
313
2394
7169
4383
4343
6398
6952
572
2115
930
1177
4930
1283
3082
4035
610
6487
1102
7798
4231
3225
324
6635
7091
3657
325
3527
5327
7681
7055
6259
1641
7749
6909
756
6623
6535
4222
7971
1238
3661
6721
8249
454
847
3843
8316
5570
8324
1605
458
2393
2820
2699
4883
8173
742
6340
337
1769
338
1594
2300
6048
733
7083
4490
6012
3301
345
1263
3957
3433
2968
6897
2996
5623
7190
3466
754
2558
355
2061
2417
447
6958
1986
6915
2317
7589
7132
7716
1749
1348
7874
7912
2780
4473
3472
571
886
6954
1504
425
3173
1449
3862
4015
6445
8009
5114
7876
4033
3342
5565
2333
3261
5668
377
6799
5227
379
3106
7770
2400
6743
4459
1275
1758
7805
4815
2963
7096
856
8238
4532
1445
6554
6228
1959
1111
4831
388
2826
7877
3816
2426
2601
6020
1997
7261
6396
2050
393
2735
1167
7768
394
6452
7424
7882
1150
982
1404
2425
400
5460
401
1282
5541
403
6422
4531
7322
748
4734
2525
532
1258
4951
4850
5273
1197
2538
2456
6833
1023
2994
1382
3181
7180
8280
3504
5863
6858
6698
6413
1375
3715
1398
2233
5526
2444
6937
7856
1214
597
7766
4871
3363
3795
5469
8119
7578
4560
5574
893
2768
3604
5222
3932
5294
7747
6866
441
849
4667
4334
7050
7560
453
1054
4108
3507
878
6149
7538
5306
1014
457
4826
1086
4644
6246
3341
6892
471
2296
5467
6063
7396
4489
7207
6682
7935
5695
5617
7278
2313
3094
5163
2770
2410
4141
612
3117
1707
7762
2546
2454
5144
493
2235
8271
3148
498
704
3338
6154
669
4834
2486
506
4502
5065
4711
3345
5745
1807
1013
7698
1308
6378
6283
1058
3411
3650
4328
4292
6987
7347
5671
7216
3667
7136
2453
534
2664
8143
6871
5166
894
5105
7035
2514
5598
5012
5747
555
2846
5407
711
7325
2776
892
5391
7556
3763
565
4869
3211
1267
6996
1644
2039
1585
6457
1712
8075
7491
1895
2305
4628
5599
2221
3446
1322
3953
3473
6443
1664
586
3295
3827
648
1760
6604
621
4962
2954
4676
6840
997
2057
2150
3505
6388
5110
2734
7044
2898
3351
7663
609
6076
1391
1809
613
7054
5946
977
1781
2783
6128
3233
793
4303
5840
3253
5002
4370
5192
1335
2240
1620
4317
4686
628
6466
629
5961
5753
3543
3796
636
1076
6609
7612
5055
2765
7524
645
7338
7249
5853
4593
2595
650
7017
2335
4014
5767
3788
1065
4574
8014
5315
664
2517
4612
6633
7942
1501
1654
3758
6565
2985
4207
1549
4512
7787
5162
2065
5871
7677
7220
8051
2907
4126
5140
684
4896
4135
7890
4573
6136
7733
2513
1696
3762
2683
2916
703
3096
4793
1529
706
6906
6117
8270
3854
1428
2011
5739
5156
5878
2392
1108
5487
8077
723
2865
5341
792
2976
7253
5943
4675
3940
5200
2974
1512
5196
2841
1066
5431
7312
6211
1081
5882
3098
4423
745
747
2190
4494
5311
6095
8297
4425
2367
774
2716
1490
7282
779
7385
5868
6073
5580
2477
3733
785
2597
791
3378
7405
8114
6395
6013
5397
3161
8239
7483
6555
1483
1229
807
4363
810
2736
7758
5150
6218
827
1657
4019
1855
5746
3815
1957
4026
7943
6605
4369
7080
2541
6428
4434
4597
7454
1530
1434
6842
6159
2799
4763
2006
5498
978
870
4632
873
4916
2840
3877
3406
2647
6077
3970
5851
4753
6634
1645
7525
2722
4003
8134
6910
5604
1305
5264
4738
1079
4330
7388
1438
6878
6991
2534
3130
5432
4986
7086
3731
7761
1686
953
928
5430
932
6716
942
7783
3040
4352
1816
2397
2728
2403
7248
7745
3719
4264
3515
7457
7714
3535
974
5588
7927
2965
6263
5151
5025
6261
1137
5921
3730
4621
985
6862
5690
6230
3108
1825
1977
4855
6973
1021
2516
2573
1024
5099
3982
6802
2855
1044
1828
1052
1510
5243
1717
4414
8231
5676
7317
1077
7644
4558
6846
1087
3001
3734
1514
1757
3262
4089
3607
6995
3219
1121
1122
2380
4721
1625
1993
6875
2437
4240
1618
3984
1151
2808
7198
1543
6247
7875
4899
6406
1738
1810
8203
7547
6664
5743
7056
3493
1196
5891
7283
7700
6967
3053
1262
5649
8109
5282
4660
1233
1242
3057
6984
7468
3126
7598
2069
6848
3257
1586
1735
1291
3565
7102
2083
1312
1314
3167
6857
5829
1320
7314
2090
4078
7642
6519
2817
7894
7709
1378
7411
1360
5664
2151
1410
2467
7147
1368
1408
4139
6632
8178
5459
1846
1401
8283
1406
6518
1415
6371
1420
6146
6588
3869
6171
1427
5085
8120
8294
7382
7290
7036
2913
7465
1467
1470
5408
3191
4348
7670
5490
2475
1973
5429
2957
3947
4430
8023
3118
7241
5209
1582
5905
4822
7552
2953
7377
1602
3468
8287
1639
6304
4624
3855
4680
8224
1801
6521
5331
4310
2436
6543
1673
5738
6419
4559
4322
5495
3723
6328
4022
4155
6097
2252
7703
5947
1762
8008
4926
4795
8166
1820
1795
8208
5046
8082
5178
2321
5741
6186
4639
6085
5041
1866
2844
5780
5422
5153
5874
3891
3959
3335
2908
6060
7532
3813
6512
7111
2028
4786
6607
2627
6890
4820
2091
7926
4470
5499
3328
7171
6653
4540
2187
4669
2254
3296
7160
5563
3425
2274
2276
2283
6199
5995
3084
5854
3396
3226
6434
3912
2396
3644
6469
2415
6796
7599
8300
5468
3828
3849
3081
2510
5198
6579
5434
4050
4729
3288
3616
6027
2700
3048
5465
2772
4971
3317
7836
6498
2990
5857
4697
6481
3630
4965
3626
5199
3319
5071
4848
3792
4979
8332
3916
4119
7666
4244
5108
6724
5928
6269
7660
2625-6183
5210-3789
25-31
652-8030
2674-2871
6788-7363
7363-5277
122-1124
89-8032
2967-89
90-744
7735-6860
7743-3572
7166-4235
6210-6160
2926-3210
3586-7830
4902-4902
239-758
2019-4087
6863-6869
2785-4546
912-7320
4252-7584
345-605
831-6833
7957-6667
6667-1671
5310-5310
809-1129
6092-7841
6889-4196
4546-3267
624-3253
7645-1723
8030-3010
5628-6788
1984-6792
950-2590
890-4224
8201-4681
1798-3409
1979-7745
4681-6667
3571-7946
4023-3352
5810-7193
3993-1891
7193-6160
2645-2943
6766-8253
2496-3405
6196-6196
