157
392
276
99
35
Root
86
73
81
34
230
647
142
96
353
38
235
70
268
301
79
492
452
415
495
298
351
173
400
436
245
258
71
129
248
36
426
490
680
234
304
106
683
794
796
534
150
140
95
309
27
560
91
378
895
236
296
528
29
358
416
1203
433
104
266
152
63
118
127
84
28
23
72
328
665
39
352
549
94
300
153
254
275
365
592
696
911
1317
33
199
456
74
237
112
513
151
105
103
525
935
19
247
511
527
669
59
131
271
111
666
754
62
213
308
374
294
760
835
845
177
310
341
814
396
475
480
640
856
100
48
837
795
231
217
432
791
875
83
125
535
146
249
335
423
650
732
830
841
209
149
253
617
676
569
4
391
410
603
930
970
61
440
519
26
139
188
263
278
290
583
600
373
643
1075
119
431
293
769
829
488
286
544
586
714
752
802
734
434
731
22
297
299
389
414
508
564
449
496
818
1159
1068
243
282
295
1004
189
1
484
677
206
425
521
981
773
421
588
597
711
191
1216
454
32
771
621
871
988
1218
1287
1685
41
14
43
113
141
156
274
326
372
272
751
804
321
1187
1503
13
175
252
451
591
616
1095
1071
97
221
345
85
611
780
783
881
1044
1076
921
1144
1196
1423
455
612
241
726
608
1088
1373
9
114
220
334
330
668
210
1508
1639
1837
69
202
270
347
869
1041
324
681
697
713
733
851
872
885
983
1083
1121
1132
806
741
17
78
229
623
955
145
1043
288
1565
203
437
233
788
735
1316
6
277
547
482
693
832
1066
411
1223
49
101
124
132
154
386
450
593
624
670
1017
1049
1098
1209
529
718
1128
24
134
264
307
349
371
503
667
698
703
844
883
903
1097
1153
1251
1273
1272
1534
1542
1050
18
64
343
590
589
596
259
952
990
1021
102
1198
1328
1333
428
1717
260
37
68
740
847
959
40
137
1022
1029
1165
977
1340
1002
1576
1074
1766
514
16
205
350
379
777
776
60
932
949
963
695
1019
1036
1192
1243
682
417
1575
369
1815
181
314
393
463
526
664
737
805
985
999
1052
1502
218
444
688
774
957
30
1305
1329
772
950
1594
1595
1115
8
116
179
31
472
412
594
687
753
803
905
1197
651
453
133
273
285
327
325
333
360
468
704
893
1006
1032
1183
1204
1315
1416
1656
1786
122
10
543
574
722
811
831
953
1007
1061
1069
1126
1188
1221
1237
675
1262
1385
1461
182
1455
1402
86-157
2
58
57
255
342
368
477
568
576
678
758
834
917
969
996
1129
1133
429
1780
1191
115
180
283
338
390
537
607
619
828
863
1015
927
136
1106
1190
1240
1250
1283
1215
1432
1375
1818
1194
2147
1984
2330
80
130
195
208
242
256
305
323
340
381
387
413
427
438
493
510
515
548
584
692
730
931
661
991
1063
1093
1152
1173
1181
1307
460
1347
1394
1407
1415
1649
1803
1972
1646
76
126
306
280
581
620
442
684
395
859
742
924
850
1000
1109
1130
1151
1244
1298
1309
1519
762
1618
1647
1831
551
2222
301-276
75
98
215
362
459
471
485
500
556
631
646
765
469
919
925
989
1003
1092
707
1155
1186
686
1090
1410
1417
1096
1497
1544
1682
892
1762
904
1848
1543
2146
289
302
462
479
524
540
224
710
728
744
759
770
807
929
1010
1025
1064
1094
1123
1284
322
1332
1030
1419
183
1545
1689
1879
2136
157-1128
219
292
363
478
567
653
723
719
947
303
993
1018
1023
1146
800
1208
1321
1371
1381
1424
1427
489
1547
1643
1663
1318
2155
77
267
317
344
380
531
585
604
634
658
663
673
690
706
768
792
848
914
928
964
1065
984
1201
1211
1253
1290
1405
1425
1442
1494
1511
1683
1372
1744
1871
1881
2189
1100
2074
328-157
157-304
871-157
308-683
55
52
65
187
185
214
222
238
284
337
336
403
552
605
615
671
246
767
836
842
857
855
926
940
961
1072
1150
1219
1222
1308
1334
1568
1668
1224
1804
965
1785
1852
1862
1409
1945
2044
2089
2107
2284
47
46
89
128
143
147
269
318
642
659
672
721
738
51
808
394
840
852
908
1020
1040
1149
1195
874
1226
1252
1264
1271
1376
1431
1507
448
1560
1590
1638
1746
1847
1882
1086
2057
1358
480-157
120
135
155
197
232
226
244
329
501
570
613
622
729
745
787
279
861
922
937
943
968
1035
1059
1104
700
1236
1288
1078
1473
1506
679
1599
1608
1686
1859
1917
1920
1160
1967
1985
2045
978
1707
12
93
107
117
227
357
355
446
474
497
520
609
625
689
402
880
915
1037
1085
1084
1087
1105
1038
1103
1213
1229
435
1302
1310
1327
1379
1397
1657
1666
1695
1566
1749
1767
1844
1867
1887
1952
2017
2032
2068
1246
2134
1060
2204
1935
2129
108
165
192
240
281
332
375
523
530
572
627
756
813
822
11
870
868
982
1014
1081
1120
1122
971
1161
1174
1231
1261
1269
1278
1306
1324
1336
1393
1412
1112
1433
1482
1487
1524
1523
1538
1551
1601
1228
1346
694
1653
1681
934
1706
1724
1625
1764
1779
1289
1821
1857
1648
1880
1364
1248
1916
1996
2003
441
2128
907
2268
1892
1054
461
2537
234-301
845-308
84-423
5
172
211
399
397
580
654
746
755
801
858
853
865
879
918
948
972
1091
1158
1202
1206
1220
1241
1249
1260
144
823
1304
1378
1227
1462
1492
1563
1351
1579
1589
1619
1641
1577
50
1734
388
1740
1235
1564
1813
1571
1827
1835
1846
1811
1947
1969
1979
1995
2075
2091
1809
1849
644
1640
2163
717
1292
2373
2323
2511
2515
837-935
82
174
178
216
239
261
366
407
466
486
507
561
579
618
633
637
798
820
825
21
860
867
894
933
975
1009
1024
1062
1073
1118
1124
1135
1142
1162
1230
1255
1267
1426
1430
1468
1486
1301
1580
1583
1596
1609
1615
1631
1661
1672
1709
1725
1741
1750
1820
1832
1467
1899
1925
1982
2093
995
824
1359
1613
2123
2141
2145
2167
2232
2262
2301
2348
1759
2407
2631
2669
1466
84-734
71-492
734-213
53
66
257
470
200
541
555
558
565
626
649
578
702
763
827
846
854
20
960
967
1031
1055
1108
1140
1147
1163
1217
1225
1257
1285
1291
1294
1296
1349
1360
1454
1465
1510
1509
849
1528
1585
946
1621
1484
1716
1728
1751
1772
1814
1866
1673
1339
1748
779
1005
1680
1684
1965
1970
1971
2010
2023
1234
2132
2138
2119
2036
1790
749
2347
1723
2370
1923
2216
2423
2465
951
519-328
157-735
157-433
935-230
42
54
67
110
148
186
331
409
405
418
457
465
483
502
559
606
614
764
778
786
815
878
906
942
941
939
976
1001
1101
1185
1193
1199
1247
1266
1300
1325
287
1362
1366
1391
1434
1451
1456
1472
1470
1488
1529
1459
1559
1567
1586
1591
1620
1622
1630
1634
1662
1474
1177
1322
1350
997
1089
1799
1819
1823
1843
641
1918
1828
1977
938
1552
2039
2054
2193
1946
1536
2158
2297
2326
2331
2367
2415
2430
1274
306-157
352-276
276-351
230-977
176
212
223
228
311
319
408
424
430
447
445
476
532
539
538
550
566
582
599
691
716
720
747
766
785
784
750
890
912
920
954
962
1077
1131
889
1168
1175
1245
1268
986
1299
1314
1353
1369
1380
1398
1403
1414
1428
1460
1471
1479
1495
1395
1652
1654
1691
1730
1735
1773
1783
1801
1134
1816
1521
1635
1604
1924
1927
1910
562
2024
2028
506
2041
2061
660
1447
1200
1761
2184
2210
1667
2280
2190
2316
2343
1413
2349
2030
1600
1553
1438
2466
1239
2517
2549
2611
2436
1476
2319
268-73
304-358
258-452
299-157
436-341
276-96
392-38
410-519
129-669
234-301-276
3
45
109
123
193
251
361
384
398
509
533
545
563
638
712
743
826
899
974
979
994
992
1011
1042
1058
1110
1167
1169
1189
1367
810
1382
1450
1477
1520
1526
1525
1555
1570
1602
1624
1628
1281
1692
1698
1491
1729
1765
1777
1782
1784
1826
1840
1854
1861
1869
1875
1888
1907
1955
1956
1976
1989
2004
158
2008
2013
2015
2038
2048
1027
2067
2101
2106
2111
2121
2159
2050
2174
2177
2188
1270
2224
2226
2233
2241
1836
2252
2258
2249
2270
1636
2391
2135
2433
2472
2475
2488
2520
157-305
157-10
519-157
845-99
99-96
752-157
310-845
301-230
872-328
392-34
683-86
81-34
99-752
845-683
73-268
752-328
735-304
245-841
351-99
351-308
73-392
25
160
171
170
184
198
315
404
467
473
553
575
598
632
652
699
715
748
793
817
891
936
1012
1048
1070
1107
1119
1117
1127
1166
1164
1179
1356
1389
1387
1331
1408
1440
1446
1489
1501
1500
1505
1540
987
1550
1478
1587
1607
1606
1610
1614
1335
1676
1675
1715
1732
1763
1791
1863
1878
1884
1556
1756
1928
1963
225
1102
1999
2012
2022
2034
2042
2096
2099
2100
2081
873
1736
2247
1853
2253
2259
1898
2276
2324
1704
2359
2402
2406
2000
2463
866
2514
2525
2533
2540
2558
2605
2645
2577
2679
2173
2706
2715
2727
2773
35-34
1-294
309-308
837-234
353-680
930-86
106-94
869-1423
683-871
683-752
869-230
70-378
34-142
309-845
410-99
389-230
34-527
752-86
34-35
248-295
99-351
551-1097
845-308-683
86-157-304
15
90
88
166
163
262
316
346
121
359
370
419
439
494
491
554
630
536
736
775
781
821
168
887
898
958
998
1013
1039
645
1057
1139
1138
1157
1170
1180
1205
1254
1265
1297
1320
1338
1352
1388
1386
1411
0
1483
1514
1518
1517
1527
1530
1562
1572
1582
1584
1605
1650
1659
1658
1671
1674
1678
1687
1693
1714
1745
1755
1758
1733
1788
1800
1802
1812
1817
1822
1850
577
1860
1858
1868
1176
1883
1889
1891
1548
1535
1930
1936
1937
1941
1690
1893
1974
1986
1992
1753
2020
1172
1275
2069
2077
1708
2087
2109
2122
2130
2137
2162
2169
1793
2175
2182
2218
1617
2220
2248
2266
2269
2278
2312
2361
2368
799
2380
2388
2389
2311
2398
1978
2419
2422
2277
727
2461
2437
2481
2500
2519
2526
2532
2557
1865
2583
2587
1480
2598
2608
2613
2619
1355
2650
1703
2729
2588
2755
2765
2713
2798
2731
2639
2429
81-35
276-300
35-278
352-230
436-129
157-432
157-682
488-400
276-99
392-528
28-73
157-373
268-392
258-157
988-521
835-683
276-105
752-480
301-988
851-111
86-177
341-141
475-1373
492-73
647-70
592-38
519-86
35-696
1373-845
930-157
140-666
421-86
266-96
258-72
276-36
714-711
416-276
519-328-157
7
44
92
87
162
250
291
356
364
385
422
504
595
705
701
725
816
833
882
884
913
916
923
1008
1113
1233
1232
1242
1259
1276
1282
1303
1312
1323
1363
1370
1368
401
1399
1396
1406
1435
1441
1453
1457
1475
1485
1522
1558
1593
1651
1655
1688
1699
1384
1718
1721
1719
1737
1743
1781
1789
1792
1839
1874
1890
1895
1944
1948
1951
1145
1894
2011
2018
2021
2033
2037
2047
1377
2062
2085
809
2097
2102
2105
2108
2139
685
2192
2214
2213
2217
2240
2243
2273
2275
2290
2295
2302
201
2313
2318
2346
2355
2363
2362
2375
2400
2413
2424
2428
2432
2435
2337
2440
2110
2325
2443
2445
1926
2468
557
1404
2494
2504
2508
2208
1592
2550
1776
2569
2580
1810
2602
2544
1877
2612
888
2617
966
2633
2636
2560
2378
2721
2049
2741
2762
2776
2791
2803
1902
2660
2227
2859
2881
2647
2899
2682
2920
2978
84-1
345-234
452-393
105-276
528-527
213-677
29-358
230-836
152-415
157-534
79-415
96-199
358-963
74-298
35-396
70-79
647-86
600-400
511-324
34-669
683-328
734-294
1244-837
301-1153
230-276
280-157
351-1030
392-142
23-235
1088-326
34-650
48-1083
307-752
391-433
935-1423
266-386
140-796
173-495
230-475
1272-837
535-142
129-34
307-930
683-306
988-475
1128-358
528-104
245-696
73-254
86-235
452-103
191-683
353-431
328-304
304-751
73-81
930-752
230-670
191-752
34-534
300-845
268-28
81-142
1328-146
48-275
741-837
294-1272
276-335
157-177
670-410
142-875
73-298
70-149
99-266
157-490
34-528
669-34
423-213
392-298
353-96
301-276-300
683-871-157
157-304-358
752-86-157
837-935-230
84-423-213
56
138
161
443
499
517
516
542
639
709
190
886
901
843
1016
1141
1154
1156
1214
1337
1348
1437
1436
1443
1452
838
1493
1504
1515
1537
1588
1612
1629
1633
1637
1644
1345
1660
1670
1696
1742
945
1752
1771
1830
1702
1838
1842
1876
1908
1912
1911
1915
1921
1949
1909
1962
1713
1981
1997
1439
2007
2019
2052
2055
2058
2065
1116
2071
2080
2082
348
2098
2103
2104
2114
2124
2125
377
2133
2142
2154
2156
2160
1929
708
2202
2219
2225
2059
2261
2265
1980
2281
2287
2299
169
2300
2304
2305
2234
2315
2095
1045
2351
2357
2376
2379
2382
2383
2387
2164
1313
1067
2409
2029
1991
2418
2434
2450
2453
2460
2469
2479
2483
2487
2493
1034
2502
2524
2371
2538
2547
2556
2559
628
2561
2282
2572
2601
2140
2623
2635
2646
2648
1627
2568
2615
2695
1960
2704
2714
1966
2372
2747
2043
2751
354
1900
2758
1712
2255
2783
1677
2812
2821
2771
2396
2495
2797
2875
2883
2906
2912
2079
2927
2897
2328
73-72
310-309
353-276
490-157
521-310
217-73
592-127
230-684
358-105
714-713
74-560
677-389
255-111
104-592
150-527
734-11
872-871
99-769
769-328
328-735
199-309
964-835
73-28
26-235
106-353
680-96
131-151
677-234
95-94
423-294
324-511
254-528
528-999
935-301
1287-977
1-213
492-129
1083-456
152-588
268-600
818-140
492-118
475-310
29-236
794-32
752-871
152-127
449-511
535-34
930-871
935-276
276-199
276-270
308-99
306-280
432-358
421-328
95-202
157-651
295-150
415-895
118-150
309-410
665-535
647-268
268-665
307-872
209-309
841-696
266-99
35-841
534-103
247-981
81-119
1262-624
95-106
977-670
142-34
400-259
378-415
34-129
298-28
955-513
528-34
452-74
35-152
528-549
276-475
81-2268
248-617
95-100
140-70
670-845
310-351
683-421
235-426
304-105
1594-551
731-680
513-640
513-426
1025-837
669-142
814-996
374-235
345-301
521-835
34-895
492-34
268-298
35-508
254-34
392-560
358-1565
392-173
731-209
872-86
150-118
104-34
731-309
296-400
191-930
97-94
99-1253
99-519
392-131
298-258
845-1663
27-392
119-650
1044-1
86-23
99-454
683-872
711-621
1083-48
259-400
38-99
475-275
236-1244
268-374
146-145
157-484
456-415
230-845
952-335
38-79
1837-260
32-278
38-70
895-513
213-236
647-734
36-410
560-592
423-1273
79-895
669-919
157-29
511-218
286-235
235-23
930-299
95-335
127-525
872-328-157
328-157-304
683-306-157
310-845-308
84-734-213
752-480-157
