268
203
61
248
219
124
703
50
137
35
164
461
64
387
457
572
193
176
122
84
123
161
613
224
49
476
412
307
12
700
261
294
1053
140
397
394
573
246
672
306
766
419
217
228
402
496
263
93
355
160
65
470
833
53
48
362
Root
45
264
297
60
54
29
146
571
106
180
469
41
31
423
46
379
1019
966
296
209
914
47
746
724
125
830
455
603
501
460
62
102
555
687
701
153
159
172
1108
954
1058
1177
28
262
430
104
139
196
1
585
939
105
175
444
178
267
99
493
508
548
611
542
343
374
579
596
728
170
417
158
892
1025
179
334
467
319
649
300
757
826
34
554
325
798
930
165
420
685
854
4
215
370
475
725
74
406
901
422
702
879
305
195
992
260
480
437
453
245
492
24
481
697
44
40
59
638
500
681
1262
413
898
775
609
502
645
538
770
67
251
240
239
349
405
509
491
820
1130
1140
541
608
359
407
588
636
696
198
254
485
959
1234
235
1445
641
911
1050
660
257
320
410
1182
1383
446
429
774
804
192
238
723
360
908
1141
15
247
817
23
166
416
505
563
154
1231
1256
1559
6
117
230
135
997
1092
1168
9
69
414
464
483
101
709
1094
327
934
987
1099
1154
1176
42
194
197
462
537
626
713
1037
1098
1106
1131
295
565
686
1030
1155
1320
162
689
910
408
851
1164
1380
531
553
27
241
250
373
372
815
1024
1059
321
874
1381
1392
1893
17
26
107
223
345
578
616
677
947
958
1038
33
540
818
903
727
1192
1417
10
222
346
386
529
545
396
667
693
32
55
404
957
1598
2
253
375
111
576
57
673
827
1259
51
75
116
1188
173
252
504
66
1067
1066
1079
440
1232
1241
1317
1359
171
341
401
561
569
904
981
1350
200
121
552
819
1344
8
214
431
1023
1243
1273
1057
1157
1718
265
324
141
1104
1088
1240
1569
119
234
532
441
800
1213
1217
1277
103
607
783
917
1047
256
1426
177
13
133
210
304
459
465
632
740
982
1454
155
232
58
878
996
1060
1110
1134
1532
1034
366
1242
1111
1877
127
451
473
523
534
570
712
747
810
949
1515
1641
445
539
871
718
1220
1237
1260
1347
535
759
952
768
605
1144
1333
1345
243
1497
1561
449
314
986
1158
1450
1533
1550
193-219
95
132
887
1187
1387
1566
776
1146
82
229
1054
1216
1553
77
513
549
560
600
915
1113
1196
1423
1494
1926
36
130
574
664
1018
998
1026
1266
1403
694
2007
302
348
424
432
499
936
1069
1610
1640
205
436
434
604
614
631
710
909
1173
1265
751
1341
1590
1814
859
1530
63
94
231
618
716
848
844
1431
318
351
463
754
1032
1156
1203
643
1248
1397
1409
1421
1313
527
1531
307-193
16
208
403
559
745
762
797
974
1073
1189
242
19
733
764
805
1089
313
1309
1788
37
331
452
530
902
1028
1227
1316
1584
78
507
808
886
899
1052
1105
1102
1353
1407
212
448
468
787
668
811
858
1035
1136
1251
1506
14
249
392
528
732
791
884
951
1003
1114
1385
1469
1600
168
202
398
472
497
633
637
682
680
1219
1617
1492
1708
1709
1727
1825
220
409
426
714
927
953
1151
1149
1335
1621
1736
1925
2150
92
144
216
390
484
546
669
781
890
1039
1086
1355
1552
1830
1860
73
90
199
218
415
558
590
665
970
1082
1236
1630
1912
1956
2069
2092
11
163
191
299
322
380
447
556
666
690
739
852
864
891
381
1006
1017
1044
1093
1100
1370
1489
1978
2070
726
1720
233
286
369
389
639
753
767
973
1013
1126
1185
1573
1891
1957
303
363
376
411
498
516
471
763
778
644
999
1040
418
1062
1285
1535
1603
2096
128
136
312
670
773
866
1011
1224
1279
495
1352
1401
1439
1183
1555
1588
1712
1840
2028
227
368
428
456
543
593
838
900
937
1007
1145
21
1510
1723
1036
1909
1987
2094
1631
140-687
79
108
126
316
474
522
771
717
20
832
855
906
964
1049
1072
1077
87
1238
1314
1358
1495
1074
1625
1637
1644
1781
1872
2062
2100
2275
56
72
118
182
364
395
487
562
610
653
782
784
913
1027
1230
1228
1332
1437
1547
1618
1919
2051
35-268
186
377
494
520
577
594
699
738
877
1046
1308
1422
708
1622
1982
2282
2374
500-966
138
149
174
188
384
525
642
650
648
995
1153
1178
1593
86
1905
1981
2095
2199
112
342
353
383
515
617
691
731
960
984
1048
1085
1274
1319
1435
1443
1488
1574
1595
1669
1796
1745
2010
542-268
236
400
592
760
758
856
894
926
961
1000
1070
1095
1125
1170
1200
1215
1235
1441
1551
635
1685
1367
2252
1163
115
181
283
309
526
551
663
662
671
344
788
882
962
1010
1031
1090
1101
1119
1246
1331
1339
1393
1424
1470
1614
1616
1674
1743
2087
2163
2183
508-362
18
151
148
201
288
338
337
388
490
587
584
897
896
920
932
1055
1081
1206
1087
1386
1504
1210
1813
1404
1836
1886
1889
2135
140-508
307-193-219
258
352
361
550
566
602
789
935
948
946
1005
1014
1065
1109
1162
1184
1326
1360
1384
1418
1438
1446
1490
1501
1063
1643
1659
1239
1827
1879
1976
2027
2266
1396
2345
2440
266
323
357
438
521
828
847
1107
1133
1167
1297
1304
1302
1373
1413
1505
1491
1719
1462
1849
1924
872
1758
2050
2236
124-203
276
301
625
795
803
1135
1138
1287
1296
1310
1354
1416
1459
1486
1502
1509
1528
1526
1372
1579
1587
1597
1602
1642
1738
1818
2001
2064
2179
2230
2253
2467
268-496
1108-1177
30
22
52
114
207
221
308
328
634
684
756
823
880
963
1120
1190
1275
38
1056
1388
1436
1697
1399
1977
1991
2008
1990
2262
1774
2316
2391
362-397
1108-307
687-362
129
213
259
282
433
450
583
661
659
692
715
752
816
837
1021
1041
1142
1169
1342
1362
1500
1538
1536
1606
1638
1663
1683
1729
1822
1940
1959
1999
2294
2510
457-124
1-423
1177-387
96
88
169
185
358
365
391
425
458
601
688
720
875
1071
1132
1171
39
1252
1271
1270
1300
1315
1337
1366
1408
1467
1466
1563
1619
1628
1657
1870
1900
1903
722
1964
1330
2013
2105
2124
2182
2234
137-50
1259-268
123-176
268-1530
71
367
506
606
655
780
840
860
869
889
945
965
1150
1181
1211
1129
1471
1567
1589
1646
1707
1726
1733
1734
1839
1993
2358
2447
2776
224-613
100
439
466
544
581
640
695
748
742
786
835
857
849
870
255
888
885
931
979
1004
1084
1091
1103
1117
1201
1258
1356
1406
1420
1434
1576
1706
1711
1829
1856
1880
1899
1928
1757
1973
2018
2029
2045
2078
2081
2091
2198
2227
2099
2371
2392
2434
2180
2637
140-1
50-61
89
293
399
503
517
630
647
821
834
991
1116
1112
1193
1204
1247
1268
1286
1311
1321
1478
1522
1639
1209
1687
1693
1390
1737
1755
1766
1792
1809
1842
1888
1936
1938
1944
2061
2073
2153
2168
2046
988
2251
1828
1379
2024
2674
193-387
310
478
629
657
675
867
944
950
972
1002
1122
1222
1250
1255
1299
1349
1363
1451
1463
1336
1493
1543
1565
1575
1592
1653
1690
1705
1710
1764
1795
1851
1858
1892
1949
1970
1898
2004
2003
2025
2036
2077
2204
2229
2233
2240
2310
2142
2679
2684
1-362
362-702
413-268
124-457
43
80
76
68
97
110
167
184
237
291
356
385
658
737
741
801
829
863
940
1123
1148
1202
1245
1280
1371
1395
1457
1472
1513
1521
1523
1545
1548
1564
1666
1695
1700
1772
1784
1786
1808
1853
1859
1876
1979
2049
2056
2060
2134
2143
2154
2244
2556
219-161
508-423
687-423
268-701
1108-193
5
120
285
336
442
477
586
597
623
678
674
743
769
807
824
842
876
916
1001
1012
1043
1042
1051
1147
1292
1365
1394
1045
1428
1460
1479
1481
1499
1520
1582
1612
1609
1686
1776
1793
1195
1819
1817
1821
1974
1768
2063
1894
2131
2184
2217
2232
2249
1668
2365
2256
2479
2484
2209
2694
137-61
164-161
1234-500
1108-307-193
109
190
183
427
435
621
707
729
749
836
862
921
1064
1191
1323
1334
1364
1376
1410
1411
1461
1482
1537
1560
1591
1636
1635
1662
1670
1389
1742
1741
482
1848
1871
1908
1916
1918
1920
2000
2148
2192
2215
2119
382
2308
2363
2367
1503
2399
2483
2528
2638
2722
362-305
496-585
423-397
50-172
1111-496
1423-1108
219-757
203-64
152
317
591
599
612
790
853
865
861
941
971
1083
839
1166
1223
1249
1284
1357
1369
1391
1511
1556
1577
1730
1797
1804
1803
1801
1868
1869
1937
1942
1954
1966
1972
1996
2037
2040
1850
2059
2068
2116
2158
2188
2210
2264
2270
2272
2279
983
2327
2333
2375
2416
802
1596
2596
2617
2298
2074
2695
2267
2760
2779
2670
457-476
228-50
1234-966
192-268
387-1350
1445-1
85
187
311
329
443
624
646
704
755
761
777
792
841
924
955
1080
1159
1283
1338
1343
1361
1419
1444
1519
1647
1696
1724
1779
1826
1844
1874
1932
1931
1941
1896
1975
2011
2041
2076
2117
2149
2162
2216
2271
2297
2173
2410
2427
2482
1016
2514
2549
2591
2696
2748
2773
2816
2901
509-508
219-571
613-178
508-770
387-219
61-248
457-203
457-46
757-817
228-1025
573-481
7
3
206
421
524
627
721
736
744
793
873
985
1022
1078
1076
1127
1118
989
1199
1214
289
1267
1322
1400
1465
1474
1525
1549
1620
1684
1716
1717
1728
1782
1777
1805
1835
0
1914
1875
615
2005
1627
2083
2090
2103
2146
2147
2047
2321
2408
2123
2458
2529
2622
2675
2758
2763
2801
460-219
815-542
50-228
830-248
504-387
412-422
297-50
571-164
70
113
145
226
271
292
315
378
589
622
651
656
654
813
969
1061
1124
1121
1198
1212
1281
1301
1303
1306
1318
1328
1351
1374
1412
1432
1449
1480
1529
1562
1568
1571
1615
1677
1754
1767
1802
1890
1923
1997
2016
2015
2019
2032
2035
2086
2102
2157
2159
2161
1585
2366
2437
2488
2532
2552
2595
2643
2352
2667
2665
1368
2819
1257
1763
2845
2971
498-268
820-819
703-35
966-542
914-161
53-555
460-387
53-50
268-697
124-46
268-1111
93-746
160-159
219-164
203-297
1260-542
224-268
379-219
703-687
61-263
248-61
387-757
50-248
703-122
397-491
140-687-362
157
150
225
595
679
706
831
846
912
918
938
1137
1161
1160
1172
1179
1244
1272
1278
1288
1327
1325
1429
1476
1487
1517
1516
1558
1611
1658
1699
1698
1762
1783
1963
1961
1969
1995
2039
2038
1739
2107
2178
2185
2201
2203
2245
2284
2322
2332
2340
2347
2354
2383
2384
269
2402
2438
2442
2443
2465
2486
2504
2546
2571
2615
2621
2701
2705
2707
2719
868
2006
2850
2196
2920
2034
268-497
563-307
818-817
268-20
50-1025
820-1108
84-12
1025-50
687-770
1177-193
203-50
64-84
122-29
180-159
966-1259
74-374
636-387
660-815
1131-35
1108-636
1108-307-193-219
156
189
204
244
273
290
519
514
211
711
893
993
1097
1128
1207
1378
1233
1508
1507
1512
1527
1601
1671
1680
1694
1704
1756
1771
1780
1787
1810
1823
1832
1852
1225
1897
1910
1968
1989
1992
1282
2057
1753
2080
2120
1800
2172
2189
2194
2206
2225
2223
2239
895
2260
2278
2280
2283
2288
2320
2334
2355
2397
2396
2405
2141
2459
2469
1194
1261
2515
2609
2691
2739
582
2791
2456
2997
3014
2772
61-50
219-493
571-500
815-268
263-12
268-766
702-820
1234-164
703-508
305-1108
246-470
203-248
176-203
125-613
137-934
1359-1108
61-412
140-423
504-1381
1131-542
1108-504
954-246
1019-830
61-1058
501-1234
966-498
246-122
268-193
491-1108
122-246
268-700
687-800
140-508-362
1234-500-966
131
143
274
564
698
779
825
905
928
942
1029
1139
1229
1276
1307
1377
1402
1414
1440
1442
1542
1541
1557
1599
1613
1572
1634
1645
1672
1692
1703
1714
1722
1725
1751
1778
652
1815
1867
1883
1887
1906
1907
1929
1955
1994
1998
2055
2072
2082
2093
2114
2136
2139
2152
2151
2208
2222
2226
2228
2274
2286
2293
2287
2312
1950
2318
2380
2407
2369
1518
2463
2475
2181
2531
2302
2536
2537
2541
1901
2562
2570
2155
2611
1715
2641
2709
2715
2723
2757
2491
2794
2840
2912
2914
2948
2978
124-54
219-179
501-500
572-219
179-219
397-820
297-172
879-219
387-818
677-35
61-406
387-1062
125-476
268-300
1131-268
505-307
54-613
122-84
573-228
44-49
502-1234
296-297
122-260
1566-1108
124-703
203-84
219-62
757-502
966-35
193-1380
74-1273
461-248
1598-402
164-1131
235-209
137-158
224-125
660-164
1026-660
176-124
124-296
343-579
419-554
419-254
196-263
859-341
1-800
124-476
817-501
203-48
1108-193-219
193-387-219
1131-35-268
25
142
272
339
335
333
371
479
676
719
750
1015
1033
1264
1294
1291
1305
1348
1405
1452
1514
1534
1540
1608
1664
1679
1750
1759
1775
512
1843
1846
1882
1935
1953
2002
2023
2044
2058
967
2108
2122
1075
2156
2164
2167
2176
2174
2177
2207
2235
2243
2273
2306
2315
2324
2325
2378
2390
2401
2406
2409
2415
2414
2412
2430
2435
2448
2128
2471
2501
2525
2522
2527
2530
2534
2558
2559
1485
1713
2633
2645
2663
2662
2717
2730
2661
2752
2766
1980
2813
1433
2839
2720
2949
3007
3024
538-537
248-203
476-613
572-914
35-300
154-1059
387-334
137-248
217-496
703-29
61-645
833-770
649-394
703-833
193-1381
203-476
306-437
407-1598
1630-1108
123-419
775-394
496-1130
505-460
471-268
176-228
219-334
1273-74
379-180
770-305
798-966
50-992
833-362
613-268
1445-687
54-261
422-1058
1177-1381
573-387
412-1058
294-461
481-247
757-576
501-660
305-1423
455-164
818-757
61-422
457-176
160-180
219-1350
203-124
815-35
203-53
966-677
246-387
576-1234
50-766
397-1359
362-820
1019-248
246-603
35-41
137-228
140-1-423
509-508-362
193-219-493
815-542-268
1108-1177-387
140-1-362
35-268-496
193-219-757
687-362-397
134
147
287
279
277
510
536
580
683
785
843
919
976
975
980
1068
326
1253
1453
1570
568
1604
1624
1580
1667
1673
1539
1744
1794
1816
1838
1854
1885
1895
1911
1927
1930
1951
1962
1988
2022
2020
1473
2053
2066
2104
1329
2171
2186
2237
2263
2285
2335
2133
2372
2418
1226
2424
2431
2457
2460
2476
2505
2535
2545
2554
2590
2592
2594
2627
2631
2647
2649
2727
2734
2777
2778
2781
2796
2818
2847
2852
2875
2895
2896
2897
2014
2934
2940
2984
3031
3109
362-507
161-164
176-296
219-879
268-555
125-48
268-1177
306-153
476-125
50-93
50-297
164-1154
542-1111
161-334
636-1381
45-224
122-603
703-572
746-402
268-36
124-48
496-495
297-173
407-402
263-908
46-124
423-305
460-879
397-1566
268-609
203-475
1566-307
29-12
137-60
297-203
1131-413
158-50
1050-35
203-461
355-203
467-701
268-178
563-193
161-914
455-632
1241-195
702-1423
966-1131
224-178
153-261
423-702
124-649
493-1234
563-1108
703-457
84-724
387-470
746-1058
219-1040
124-137
124-176
268-47
355-1383
268-35
394-440
35-49
219-818
248-700
176-297
1350-501
327-966
476-224
2007-859
180-667
693-423
203-766
64-203
164-571
914-501
176-50
306-394
164-455
423-1359
248-1262
914-334
224-54
268-770
160-480
563-307-193
137-50-61
966-1259-268
1108-193-387
140-687-423
362-397-491
98
91
486
598
735
799
796
929
956
1143
1197
1218
1295
1375
1415
1468
1496
1554
1583
1581
1586
1607
1629
1632
1650
1656
1675
1688
1702
1773
1798
1806
1807
1812
1845
1904
1922
1939
1967
2030
822
2165
2170
2175
1824
2191
2202
2212
2214
2220
2231
2247
2265
2268
454
2342
2309
2346
2362
2368
2370
2393
2398
2296
2166
2419
1791
2436
2441
2451
2468
2490
2493
2533
2550
2551
2560
2582
2602
2606
2629
2654
2659
2697
2417
2379
2741
2753
2754
1946
2805
2828
2911
2916
2937
2938
1689
2972
2996
2716
3006
3011
3032
3039
3054
2211
3151
35-48
444-124
480-159
502-501
572-460
296-203
613-133
700-268
195-784
819-504
35-124
343-262
124-419
498-542
572-161
47-585
397-1108
508-21
12-320
1359-307
585-403
966-268
260-122
209-529
297-248
362-21
140-362
1231-1079
402-538
423-362
603-246
193-1553
542-496
217-263
176-476
819-1177
359-501
879-164
702-1359
261-297
47-49
46-419
626-531
60-61
46-48
35-703
53-713
268-833
1140-402
1059-1582
830-50
499-1131
1177-700
307-387
1050-1259
193-818
29-728
1273-374
397-819
1177-219
161-697
703-124
934-248
219-1062
501-798
297-53
954-579
268-998
254-261
224-203
161-215
1381-387
817-798
966-192
245-1053
476-46
898-901
261-153
164-1092
457-1019
160-162
423-820
1333-596
160-165
122-64
64-728
476-457
1530-585
50-196
64-122
387-1026
54-476
613-125
123-457
1381-219
502-571
260-29
180-160
402-1231
49-441
307-1177
203-703
1231-681
555-64
60-246
176-457
746-93
162-159
469-1053
248-830
476-296
264-12
1050-1131
1381-818
50-405
6-182
49-402
300-417
61-74
1050-268
1025-248
1893-441
172-297
159-349
296-50
1092-501
572-878
219-480
800-397
123-703
476-703
164-727
728-12
709-1037
217-724
46-457
491-505
455-161
362-1642
476-203
578-455
268-53
65-248
542-268-496
268-496-585
193-219-818
140-508-770
219-757-817
687-362-305
687-423-397
397-491-1108
1019-830-248
1445-1-423
563-307-193-219
307-193-219-493
1108-193-387-219
