Root
173
368
45
43
306
255
271
50
19
39
444
634
166
288
390
504
171
354
36
252
416
793
258
637
254
149
222
185
582
126
224
292
49
650
169
115
295
411
322
136
67
723
41
621
79
313
257
54
127
365
415
505
497
775
18
34
38
215
406
499
53
1204
13
56
48
526
147
589
941
37
556
590
200
209
507
762
586
117
140
160
450
603
114
128
225
125
840
401
946
226
191
463
709
321
80
361
409
705
1140
109
168
272
402
548
623
651
751
69
137
164
189
473
110
696
333
490
66
94
232
425
489
585
57
579
441
451
646
632
161
452
480
139
373
1136
74
167
323
436
524
350
337
1047
269
1137
1219
55
77
135
138
403
527
689
844
854
912
1102
1122
779
1301
4
58
156
163
190
228
449
408
44
818
111
811
1617
17
51
249
336
485
540
180
498
812
923
575
767
1296
1297
1664
12
33
188
223
386
30
165
819
833
838
848
247
32
60
35
184
303
360
462
491
101
698
722
265
801
885
290
294
726
984
338
1131
1293
116
21
1981
1175
59
107
199
351
533
624
648
671
240
694
669
758
791
1158
1171
1013
196
259
270
289
513
281
691
789
730
933
1124
1128
867
668
1379
1374
1568
744
162
23
70
5
367
412
549
630
635
665
714
745
809
810
414
63
996
1071
478
151
1285
1352
1589
1802
9
132
131
1
201
266
124
435
464
514
616
20
72
686
158
679
830
314
972
150
600
76
1058
991
1375
1400
466
978
1288
916
894
1723
1108
305
1244
1415
81
141
172
192
212
267
280
319
352
446
555
571
581
611
641
663
716
690
782
871
704
472
1050
1068
1075
1084
391
561
1305
1367
1687
1872
765
1430
8
65
40
152
187
217
307
315
349
348
129
285
92
363
728
750
766
795
244
250
949
994
1040
1214
484
195
1236
955
396
1310
1353
676
734
268
1547
251
1655
639
45-173
203
375
419
467
502
510
602
194
643
52
764
800
432
824
919
1000
357
1109
1134
273
210
1417
1491
413
1511
794
143
1586
1083
404
843
2287
185-173
173-744
14
42
99
118
174
177
205
216
154
263
276
275
284
399
431
455
488
31
492
277
629
631
660
746
761
506
792
817
366
400
479
948
968
990
1019
1024
850
866
707
1070
1188
1200
1259
1303
1311
465
1384
15
1431
1485
1012
1576
928
1057
1801
1924
326
562
1105
1022
1189
1583
61
108
207
220
279
312
385
389
426
459
564
644
687
702
218
724
748
813
243
895
729
929
958
982
1010
181
963
206
286
1002
71
1157
1183
1195
1201
1166
1334
231
1351
1346
96
884
297
1433
1539
456
659
1065
1396
1692
1156
1812
1868
438
1238
1840
1621
1387
1546
2099
1615
548-173
2
7
102
148
197
219
345
369
120
236
511
547
560
16
598
597
537
713
736
797
839
863
892
900
906
921
926
956
961
992
1036
1066
1112
1162
1182
1196
1215
1223
715
1082
1344
1228
799
1395
697
1465
1354
1336
1556
1569
1572
695
1594
613
1639
1657
1447
1694
802
241
1580
1641
1756
1809
1877
407
1681
2040
2042
1207
2204
1458
2241
1376
174-173
415-173
173-171
173-452
840-416
68
78
182
229
283
299
317
341
339
346
371
261
405
442
448
503
534
552
573
622
640
652
587
753
808
806
826
859
868
877
816
975
1016
1146
1168
1174
1206
1234
1251
1258
1266
606
1314
1407
1044
983
1481
1483
1504
1527
1538
1560
501
1598
1629
1103
717
1470
1130
1191
1690
1693
1714
1753
1197
1765
437
1810
1817
675
943
718
1319
1406
1955
1959
2018
1783
2052
142
1852
1595
2061
1443
2316
2131
416-45
27
123
122
144
159
237
242
105
332
364
481
516
525
539
543
541
545
576
580
591
536
610
706
712
738
754
551
822
834
832
851
880
901
909
918
967
457
1038
1039
1051
1056
1062
1090
1092
1101
657
424
596
831
1177
1198
1202
1232
588
1262
25
1273
1286
1298
1322
1129
1015
1338
230
1420
1436
475
1432
1477
1510
1014
570
1579
1590
260
1632
1441
1684
1703
1705
913
1283
1540
1789
1260
572
1871
1712
1875
1861
1912
856
1474
625
1161
2019
1633
2046
708
1276
2103
684
1719
971
1888
293
2212
1745
97
1361
1302
1747
1072
2154
1986
2451
2115
3
28
90
93
98
155
186
234
239
296
320
327
422
470
530
532
546
10
362
568
577
584
607
692
725
733
743
742
759
807
815
823
845
869
872
882
887
897
904
170
954
75
981
988
608
1021
1053
291
1087
627
1107
1126
1138
1145
1144
1150
1167
1176
935
1190
1216
1225
1235
1292
1178
1304
1321
1327
1329
1333
886
619
1364
1366
1132
1408
1410
1428
1439
1451
950
1381
1479
1506
1522
1028
82
1551
1555
1563
1577
264
301
1601
1607
1609
1606
999
1636
1638
1652
1710
1713
1739
1748
1762
1593
1798
1099
1830
617
1846
1860
1917
274
1932
1452
1922
1720
1154
1673
1675
2085
2096
427
2106
1405
1688
2156
2175
1736
1442
2411
1754
1459
2503
747
526-173
173-254
463-173
533-840
452-171
167-173
526-185
255-50
22
84
89
112
133
183
204
233
245
253
278
282
324
331
356
378
398
420
430
318
453
477
494
495
26
520
538
542
461
563
604
612
653
664
727
741
749
763
773
796
804
820
841
855
469
888
962
964
827
973
1034
957
1059
1061
649
1067
1074
1085
1018
1104
1115
1153
1179
1192
1208
1210
1229
1246
898
936
1280
1356
1370
1371
1378
1383
1368
1399
1402
1404
1412
685
1463
699
1237
1203
1524
1526
1489
1541
1423
1575
6
853
1567
1624
1628
620
1394
1630
1659
1467
1170
519
1676
1239
1123
805
1733
1740
1597
1772
1792
1823
1663
1834
1822
1838
1449
1845
1848
1764
1864
1313
1422
1911
1921
1363
1945
1500
1977
1989
1666
2005
2012
2020
2022
2031
2039
2009
2051
922
2057
2062
1904
1275
2108
2109
1382
2155
2159
2172
2193
2195
1760
2242
1291
1037
384
2297
1330
2035
1466
1991
1438
1886
2347
959
2244
2520
428
1702
873
1668
173-172
173-762
173-414
589-793
222-623
451-114
39-368
29
46
119
208
248
311
316
329
335
344
370
372
374
383
382
392
439
458
565
569
594
593
599
658
683
681
719
737
774
777
666
778
783
803
846
849
864
893
903
911
711
930
939
942
945
947
979
731
987
998
1011
1023
1025
1035
1089
937
1149
1152
1218
1221
1224
1233
1242
1245
1248
825
1315
1320
1341
1349
1359
134
1369
1372
1392
1411
1437
1287
1446
1316
1460
1300
642
1480
1461
1514
1520
1469
1523
121
1557
1581
1587
721
1603
1602
1610
1612
1450
1350
1627
1637
1644
835
1650
1670
944
1699
535
1746
1749
1173
1781
752
1790
1794
1796
1803
1418
518
1836
1708
1859
633
1462
1873
889
1212
1186
1913
1920
771
1933
720
1199
1971
1985
1988
2007
1574
2027
2034
256
2060
1086
2079
1537
2089
2092
1516
680
1918
2124
2134
2145
2164
227
2197
2071
1114
2229
1279
2272
1256
2290
2306
1184
2374
2376
2391
2050
2406
2325
2437
2442
2452
2015
460
837
1032
2479
2185
1869
1027
11
2380
2236
2245
2574
410
1779
1434
1880
2393
1490
1205
173-5
43-513
255-271
368-19
149-368
463-415
416-548
257-288
37-723
463-45
1296-173
526-45
844-589
669-436
306-19
164-451
126-13
24
47
64
73
86
85
91
103
145
179
178
211
238
287
300
328
353
355
379
393
429
447
476
522
521
87
554
557
609
615
645
647
662
667
670
693
732
757
770
780
787
829
842
858
860
875
907
915
931
953
993
997
740
1004
1026
1031
1029
1052
1076
1093
1118
1119
1143
1148
1169
1213
1226
1230
1240
1243
1250
1249
1253
1141
917
1268
1269
1308
1307
1317
1326
1331
1335
1339
1389
1278
1416
1426
1429
932
1060
1492
1493
1499
1507
1515
1517
1267
1445
1530
1531
896
1559
1571
1582
768
655
1616
1623
1640
1646
1622
1054
550
1649
1113
1669
387
1677
1678
951
1478
1721
1726
1738
1549
1769
1768
1776
1780
1786
1793
1813
1401
1824
1667
1837
1849
1741
785
1881
1365
1887
1890
1337
1923
1928
1936
1937
1939
1751
342
1941
1386
1944
1949
1715
1963
1966
1967
1970
1978
1979
1680
1545
1999
2000
2006
899
2008
1295
1565
2024
1654
2029
2033
2038
862
2053
2063
2066
2067
2030
2072
2073
2075
661
2082
1033
2094
2100
781
509
878
2121
772
528
1957
2139
2151
2152
2162
2167
2166
2179
2180
2181
1806
2136
2215
2216
2220
2025
601
2224
2226
2230
2219
1990
2123
1135
2258
418
2168
1272
2002
2273
1419
1674
2097
1007
2328
1151
2344
2090
2352
2355
2365
2369
1591
2371
2373
1645
1453
2383
2384
2388
343
2402
2265
592
1722
2288
2440
1227
1862
2457
2255
153
636
2485
1964
1257
2112
2232
1717
1773
2524
1600
2339
2535
1998
1185
1833
2583
1041
2276
2610
1231
2559
700
2270
2627
980
2560
2514
2395
784
2644
2252
2665
2683
2686
2367
986
2386
1142
2674
1306
523
2714
1340
39-38
1-163
173-556
50-603
43-232
38-288
114-575
723-67
809-110
117-166
527-416
79-313
1013-19
1296-45
147-223
169-255
154-173
452-762
762-295
575-1470
994-1283
416-174
115-240
840-1296
416-185
1296-249
171-56
43-425
1840-326
854-406
185-171
326-716
67-19
556-288
326-1812
549-185
650-1047
436-373
166-257
77-76
171-295
255-252
368-650
39-306
463-185
295-1137
167-45
651-67
258-490
306-2042
271-2154
533-840-416
416-174-173
95
113
298
304
308
340
394
440
471
482
496
618
656
678
703
559
769
790
468
865
910
938
952
235
976
977
1005
1008
1020
1030
1045
1049
1081
1091
1100
1106
1111
1117
626
1147
1165
1172
1181
1048
423
1211
1241
920
966
1265
1270
1281
1318
1325
1348
1358
1357
1373
1377
1254
1397
1391
1413
1421
1425
1077
1456
1464
1471
1473
483
1476
1488
1487
1502
1509
836
334
1529
1534
1294
1554
1562
1564
1592
1604
1550
1261
508
1642
1647
1679
1701
1706
1724
417
1727
1728
1729
1777
1778
870
1784
1804
1815
1818
1820
1110
1829
1847
1856
1857
1055
1866
1870
106
1807
1879
1885
1889
1892
1894
1897
1905
1910
1193
1309
1927
1814
1704
1947
1951
1953
1960
1974
1984
1987
1994
2003
1535
2011
2013
1891
1127
2045
1843
2056
2064
1648
760
2080
1618
2087
2095
2098
1125
2107
2111
2117
2116
2120
2128
2129
2143
2144
2148
2153
1914
2158
1850
2174
2184
2186
2208
1672
614
2221
2017
2228
2227
2231
2233
940
2234
1444
2239
1775
1486
2240
2243
2165
2138
2260
2267
2269
1328
2277
2280
2282
2285
1882
2302
2308
2312
2315
2320
798
2324
2327
1805
2334
2340
2343
2345
2346
2349
2354
852
2023
1536
1878
1274
2372
2375
2335
2381
1312
2387
2389
2394
2396
1342
2398
2399
1972
2403
2405
558
2415
1042
2125
1732
2419
2421
2422
1573
62
2439
2271
2445
2447
905
2461
2189
157
1532
2119
2471
2473
2476
2480
2362
1343
2489
672
1788
1098
1380
2500
1946
974
198
1766
2183
2530
2544
821
176
2548
2551
2504
2562
2565
828
2568
1264
2573
2572
2537
2569
2576
2130
2586
2590
2591
2598
2602
2305
2055
1495
2623
2331
2632
1919
2157
1548
2641
2652
0
2657
2662
2663
2668
925
330
2368
2672
1611
847
2702
2032
2704
1691
1893
2716
88
2370
1620
2696
1222
2004
2772
2779
2579
1001
2701
9-8
51-50
35-78
164-1
190-48
253-252
255-168
271-270
209-412
361-30
271-491
527-526
526-167
533-526
489-185
185-452
598-597
411-110
629-361
634-54
354-648
660-313
17-79
706-582
499-691
9-79
147-504
436-551
160-709
810-411
173-712
464-533
431-871
793-173
844-125
290-322
271-173
171-170
575-949
637-180
994-50
38-108
160-957
322-290
149-357
224-657
848-1122
1134-464
480-1162
255-56
444-411
1216-173
810-1226
1236-273
1109-463
1236-648
709-66
23-269
45-171
691-425
1136-1310
218-70
589-255
115-1351
1071-1384
1379-621
231-416
589-884
775-497
641-292
174-154
504-147
147-621
313-451
716-109
941-111
1463-950
18-314
173-391
391-589
1491-118
1369-322
257-173
173-53
94-762
1527-182
147-321
949-844
69-1367
730-57
288-67
1352-1569
258-1571
651-1012
490-1352
339-1587
451-6
6-1590
1109-416
41-646
354-222
1219-173
271-761
603-789
744-295
49-107
1137-295
336-209
1368-1367
1655-686
149-39
556-53
7-1170
909-129
45-1204
1301-526
403-751
45-126
168-271
1713-206
147-603
758-254
444-754
140-650
1171-1379
1379-668
48-240
19-1617
125-498
1756-838
838-505
271-463
18-365
74-497
996-854
295-205
45-452
265-1796
444-696
1823-1705
171-462
1293-365
1204-415
314-321
185-414
723-650
505-637
224-762
288-53
1186-200
1353-45
533-173
1463-954
249-173
200-271
450-228
698-663
13-984
1013-354
77-621
478-411
352-775
288-616
271-224
1589-526
44-1102
258-54
390-18
840-173
365-401
127-705
586-745
37-294
723-288
2020-99
209-510
354-79
140-689
1629-2094
115-933
933-226
833-57
200-840
1417-272
166-441
333-946
217-390
950-297
173-306
709-171
1296-185
185-5
967-575
247-163
490-50
115-225
526-789
288-555
43-623
116-650
646-80
472-505
1988-872
45-172
2181-1888
249-1415
136-288
173-94
497-348
505-689
49-51
258-20
1301-1156
634-35
1219-45
192-252
668-1593
419-709
273-1840
55-338
949-407
101-463
77-1576
254-1204
416-173
164-114
165-497
41-56
1802-1589
589-169
49-240
210-79
793-404
590-634
368-69
222-425
305-1068
634-165
368-472
127-128
128-232
255-224
1747-833
166-140
1012-290
257-38
1801-526
50-200
527-463
990-365
549-173
1151-1140
228-793
791-36
650-19
390-45
271-415
1285-639
368-651
57-833
745-1374
136-466
793-533
1877-1723
819-1798
131-209
630-912
1801-463
255-843
50-66
1664-390
505-126
1547-1395
686-78
136-351
504-209
254-201
943-288
37-191
272-337
1681-668
58-14
1924-1719
368-590
498-41
272-504
941-696
696-147
271-147
247-114
114-127
1736-115
350-1636
171-413
19-54
252-271
354-582
54-590
269-173
623-425
255-338
114-2046
19-43
268-1102
288-52
923-1817
1812-1131
173-117
1872-127
709-118
707-123
115-955
368-166
650-624
404-1589
923-19
19-1047
707-900
632-490
333-126
39-140
222-18
968-306
1719-1595
333-368
793-724
258-793
366-983
811-1200
147-49
793-751
641-267
1219-154
365-1293
215-455
811-465
811-705
1511-1621
288-258
215-504
582-497
306-38
726-1305
19-582
775-1183
1872-991
631-1059
56-255
499-793
117-126
67-923
117-295
650-136
1490-249
478-200
160-288
472-634
441-149
149-169
775-650
779-801
438-564
744-254
709-181
351-524
17-624
321-1629
13-21
19-923
444-50
173-289
1589-185
110-2683
582-74
257-49
650-582
2042-306
50-498
409-637
147-50
94-744
818-815
1207-164
41-1083
38-368
114-830
49-190
1981-963
600-292
705-585
165-646
164-1-163
173-171-170
527-416-45
548-173-452
416-548-173
1296-173-744
556-288-555
840-416-45
463-45-173
222-623-425
306-19-43
326-1812-1131
173-452-171
463-415-173
526-185-173
415-173-171
173-744-254
