163
27
82
345
69
62
303
189
558
113
24
224
518
84
611
355
104
236
260
169
168
795
25
308
606
631
221
218
263
287
22
525
28
312
192
399
12
289
409
361
343
471
410
861
320
122
65
66
747
362
540
61
625
85
58
41
26
547
220
484
657
23
402
624
39
945
110
81
746
904
60
197
247
401
170
585
245
387
898
619
139
141
335
272
506
38
725
232
696
1097
240
284
59
142
360
1139
574
204
607
614
191
436
907
235
586
333
764
1335
51
1293
661
721
48
219
1220
1
128
457
557
654
496
108
388
649
668
78
1075
Root
603
4
428
181
334
716
43
731
230
434
492
826
342
544
1030
300
653
935
546
210
225
352
391
57
184
675
1004
448
565
582
246
480
1063
1317
408
437
94
329
1461
34
567
974
134
878
271
359
575
1259
1081
80
274
347
439
87
760
349
602
641
792
1215
635
889
464
1329
829
54
662
1094
543
482
55
620
462
595
317
328
711
326
714
548
551
577
545
947
15
33
344
532
268
288
497
553
669
715
9
876
997
160
259
322
788
652
351
615
771
891
6
739
639
400
429
222
187
528
1364
89
261
273
555
1435
130
981
494
1237
49
205
241
226
8
353
1118
1125
330
626
307
756
1271
1514
153
346
420
1278
73
292
314
559
70
549
1176
665
1027
42
430
542
576
36
994
1174
1276
1361
71
306
705
441
864
1357
1372
502
966
1088
536
1587
111
529
730
337
495
719
1167
143
741
799
869
1219
21
703
844
1229
1251
10
186
477
1355
729
806
1318
1345
17
152
231
713
919
1388
67
276
791
1331
1418
1245
1348
951
290
348
517
2
166
323
938
1441
37
63
233
299
617
830
79
925
1089
86
1560
147
265
416
455
466
1409
1440
180
285
726
752
750
1228
50
74
321
433
578
664
737
872
975
848
562
706
906
621
852
918
995
1280
1413
1443
1912
95
873
1015
1322
1471
1045
1442
1474
155
591
820
1100
340
1288
1437
13
75
488
556
759
745
1242
1542
1736
178
816
996
1054
900
1244
709
1079
244
1718
76
331
530
977
1218
1349
123
159
157
325
167
594
813
357
1543
175
363
140
812
177
243
871
1396
1416
172
648
708
736
811
858
957
988
1295
102
406
629
689
1430
1336
124
209
1552
20
283
531
780
1700
523
712
193
1657
2074
211
206
389
590
1066
1173
1195
789
280
579
600
723
722
1098
929
97
238
267
459
598
897
895
1025
1367
216
936
1384
1383
701
338
336
613
787
874
1342
1532
44
83
98
165
237
427
941
1021
1161
1157
1382
1627
275
1273
1303
821
1808
16
1415
1482
1735
215
318
568
748
796
423
892
1184
1221
1087
1255
1346
1426
1445
1464
1550
262
304
435
445
467
604
924
2023
623
679
768
1209
1298
1386
1601
1691
1839
260-303
19
14
269
315
385
431
969
845
1148
29
45
418
628
660
772
842
910
1034
1786
527
932
940
989
1040
1111
1223
1467
1508
1757
264
783
955
962
1214
1287
1590
1675
11
228
258
550
640
704
814
1230
1544
1593
2110
47
212
324
554
1134
1189
1752
93
475
537
587
601
671
667
735
766
1028
1290
1554
302
650
855
1235
1480
410-260
278
501
509
541
733
868
894
982
1085
1138
1737
2107
354
422
520
944
1222
1267
1289
1285
1797
2152
119
301
332
297
507
676
1153
1283
2317
106
132
121
188
552
888
1042
1168
512
1201
1277
1321
1451
77
417
491
490
597
674
658
682
717
817
843
967
1073
1086
1339
1344
1427
1438
171
533
521
616
630
1070
1156
1511
1902
107
154
185
173
316
573
618
610
702
860
1191
905
1334
116
1773
1820
1914
2541
223
596
846
916
1014
1530
1583
2233
114
137
311
570
694
953
1192
1433
1447
1645
890
144
199
572
774
627
917
943
1016
1074
1142
1175
1185
1263
1274
1379
1509
656
1572
1607
1621
1701
1739
1774
2247
151
319
425
486
504
643
691
688
915
939
963
1127
1121
1144
1528
1559
1712
1751
1793
1905
192-696
92
382
415
539
686
738
793
899
1183
1284
1827
2248
266
286
412
485
503
526
775
465
30
822
1120
1231
1538
1868
1828
234
249
407
515
514
655
659
700
865
959
1146
1208
1243
564
1286
1326
31
1456
1573
68
158
148
213
478
469
637
931
950
948
980
1031
1270
1236
1457
1791
1814
2269
2347
404
646
724
866
958
1050
1062
1084
1096
1143
1266
1302
1385
1707
1756
2039
1939
2167
2177
2338
192-668
255
692
751
841
840
956
1068
1091
1132
1204
1250
1311
1629
1952
2443
2450
99
133
432
456
498
786
819
1190
1186
1202
1240
1254
1411
1423
1436
1272
1642
1698
1260
115
134-725
135
200
608
681
827
832
1115
1149
1171
1305
1501
1536
1617
1863
1913
2196
277
384
461
728
763
1052
1258
1257
1569
1921
1937
1609
162
190
270
253
651
697
687
765
1013
1145
1199
1292
1323
1360
1402
1513
1576
1813
1991
2069
716-27
64
112
138
239
282
390
452
583
986
1083
1343
1498
1549
1561
1570
1754
1406
1600
668-484
727
770
825
1024
1032
1060
1400
1429
1504
1527
1644
1731
1729
1750
1795
2043
2076
2630
611-69
189-62
24-27
40
248
295
405
473
522
569
605
742
782
800
978
1007
1103
1135
1279
1496
1597
1598
1848
1929
1666
2087
1886
18
32
91
468
673
769
857
1126
1225
1253
1353
1248
1591
1740
1778
1870
2121
2272
117
150
305
489
784
847
921
964
1064
1319
1327
1394
1492
1495
1505
1523
1611
1709
1816
1439
2089
2097
2168
69-163
379
451
519
815
839
1247
1320
1330
1369
1616
1678
1840
2019
2056
2600
27-657
169-236
410-260-303
182
252
483
580
612
926
937
930
1147
1211
1232
1294
1368
1365
1387
1510
1541
1551
1588
1625
1670
1058
1889
2012
2151
2181
2243
1969
2420
2560
696-484
217
298
622
762
797
993
1036
1114
1160
1227
903
1354
1448
1557
1679
1711
1748
1575
1764
1841
1922
1933
2033
2102
2119
2194
2402
62-82
484-22
1293-1335
265-27
46
339
442
474
755
781
809
838
862
902
1001
1053
1213
1269
1306
1347
1380
1407
1534
1592
1626
1628
1638
1689
1864
1603
1988
2025
2202
2235
2427
2377
2539
202
229
358
364
378
411
476
499
666
863
998
1011
1194
1417
1473
1555
1563
1704
1800
1804
1842
2020
2092
2154
1951
2158
2190
2398
2423
308-795
125
118
146
294
372
450
718
790
52
834
853
922
1006
1047
1072
1131
1155
1193
1275
1431
1316
1469
1476
1483
1547
1533
1526
1768
1799
1892
1959
1977
2041
2183
2261
2407
2026
2561
1-387
27-607
183
174
327
438
487
599
636
632
732
836
867
914
920
961
356
1165
1362
1378
53
1481
1567
1650
1766
1586
1595
2086
2099
2134
2169
2258
2278
2366
1335-518
96
129
126
987
1033
1308
1518
1612
1620
1677
1716
1724
1763
1781
1789
1883
1918
1950
1967
513
2050
2186
2236
2273
2311
2608
2833
27-215
227
398
413
560
584
754
810
934
970
1038
1071
1187
1233
1432
1450
1452
1494
1565
1599
1630
1637
1655
1680
1726
1901
1903
1926
2004
2093
2227
2312
2425
1293-410
696-387
69-611
163-84
88
136
350
472
516
561
777
824
837
850
849
875
976
1012
1124
1130
1150
1188
1241
1256
1338
1446
1455
1466
1564
1660
1699
1775
1810
1843
1854
1594
1405
1899
1904
2003
2078
2142
2319
2406
189-82
260-518
1293-260
5
72
251
535
589
592
767
859
885
927
984
1010
1008
1065
1092
1180
1249
1017
0
1300
1340
1393
1397
1459
1488
1515
1521
1693
1753
1759
1787
1824
1826
1390
2032
2038
2058
2073
2131
2288
2229
2405
2417
2493
2678
2434
484-878
156
214
508
538
633
683
757
818
908
1005
1023
1039
1056
1099
1200
1234
1315
1325
1350
1359
1633
1688
1725
1744
1746
1765
1838
1931
1990
2018
2081
2118
2127
2163
2198
2210
2326
2385
1177
2599
192-1
210-27
668-387
56
100
250
396
794
805
1002
1123
1133
1140
1216
1262
1309
1337
1374
1646
1663
1662
1734
1776
1807
1835
1837
1885
2017
2027
2047
2125
2133
2165
2172
2232
2305
2354
2388
2479
2644
611-631
303-221
320-62
1435-134
145
203
779
882
946
965
968
1018
1043
1077
1104
1117
1154
1224
1238
1291
1297
1178
1170
1399
1420
394
1618
1664
1692
1733
1833
1859
1936
1963
638
1982
1993
2126
2208
2221
2220
2257
2325
2327
2378
2438
2477
2524
1708
2622
2890
657-764
62-345
105
392
419
479
593
672
663
690
823
1044
1057
1061
1078
1116
1162
1312
1395
1421
1579
1596
1672
1669
1667
1676
1686
1741
1749
1801
1802
1866
1794
2067
2106
2160
2185
2222
2240
2439
2440
2449
2482
2576
2648
2699
2467
2821
1-484
224-221
82-345
320-1220
196
257
381
581
785
804
887
884
933
1019
1041
1109
979
1304
1376
1465
1479
1497
1531
1529
1624
1640
1728
1785
1917
1961
2007
2013
798
2216
2241
2320
2337
2363
2372
2466
2495
2647
2671
2193
2779
402-62
1532-1293
747-635
303-935
149
207
309
393
414
493
571
835
879
913
923
971
1059
1051
1373
1398
1444
1517
1690
1714
1720
1817
1862
1887
1962
1980
1974
1971
2091
2096
2246
2280
2340
2475
669-668
303-746
484-408
387-22
518-303
611-163
345-82
259-27
788-1
7
3
164
208
254
341
426
424
773
893
1172
1246
1265
1314
1332
1328
1410
1449
1556
1566
1562
1584
1581
1605
1674
1682
1697
1762
1832
1875
1478
1882
1919
1923
1998
2068
2088
2150
2156
2182
2223
2049
2332
2369
2371
2408
2447
2448
2542
2567
2598
2621
2626
2709
2739
2256
189-268
312-567
62-232
211-657
308-27
1293-410-260
386
443
588
693
803
833
1029
1037
1212
1268
1264
1282
1307
1324
1408
1502
1512
1619
1643
1721
1723
1758
1815
1878
1956
1972
1997
2024
2053
2072
2077
2113
2139
2192
2242
1823
2293
2315
2321
2330
2498
2548
2557
2585
2719
2750
2867
2874
24-23
547-345
65-585
668-947
69-59
945-345
611-59
558-168
518-938
179
195
370
566
685
828
952
991
1055
1095
1137
1226
1310
1000
1352
1392
1503
1522
1520
1535
1548
1546
1684
1710
1719
1771
1812
1879
1911
1992
1999
2015
2021
2051
2066
2144
2162
2200
1949
2274
2290
2342
2386
2457
1783
2146
2230
2537
2572
2602
1207
2785
2844
2902
27-658
614-303
795-245
739-410
27-30
402-232
558-24
65-62
997-1293
163-62
62-320
27-211
122-898
1435-725
303-224
935-994
664-518
192-668-484
90
281
313
740
807
870
1009
1080
1076
1101
1105
1122
1313
1463
1470
1477
1499
1507
1558
1654
1649
1705
1796
1900
1976
2179
2187
2203
2226
2252
2260
1151
2265
2336
2375
2452
2508
2565
2564
2538
2692
2777
2786
1957
2854
2950
82-62
62-1220
725-716
192-387
84-163
27-575
163-345
1220-62
163-61
82-361
220-247
163-402
787-716
558-696
547-945
160-518
746-224
163-861
272-361
696-975
131
256
310
449
505
563
296
881
1003
1020
1158
1239
1351
440
1375
1475
1484
1491
1582
1580
1434
365
1635
1713
1715
1767
1769
1772
1855
1856
1860
1895
1909
1920
1953
1960
1966
831
2006
2161
2184
2191
1934
2250
2262
2289
2306
2356
2396
2419
2503
2504
2511
2551
2554
2609
2654
2674
2470
2702
2723
2100
2522
2927
2976
2364
997-996
50-716
170-795
1063-303
1097-221
170-631
614-518
50-27
27-861
236-163
1335-260
82-312
1560-1293
725-265
1318-716
343-168
22-652
652-1293
1293-160
69-631
161
176
397
395
710
753
776
854
886
896
901
973
1128
1203
1366
1403
1490
1516
1539
1577
1622
1730
1761
1865
1928
1944
1978
1975
1983
2084
2104
2219
2276
2277
2286
2291
2292
2297
1996
2333
2399
2462
1093
2623
2640
2639
2685
2695
2818
2850
1458
3036
3064
289-349
205-966
558-668
696-947
27-181
558-26
506-303
260-1587
168-39
247-219
163-65
518-935
497-50
1435-134-725
192-696-484
127
194
242
279
369
367
647
642
680
960
1112
1169
1181
1252
1301
1472
1524
1553
1574
1585
1639
1651
1732
1743
1742
1784
1809
1894
2010
2042
2094
2098
2116
2149
2207
1683
2215
2324
2339
2446
2455
2489
2490
2546
1987
2624
2638
2353
1460
1696
2774
2862
2619
2884
1571
2957
69-66
567-574
659-27
345-163
355-303
401-163
22-997
995-994
746-134
24-181
60-764
361-12
878-997
1435-224
104-12
343-625
62-65
747-320
69-401
343-518
401-402
220-219
657-1317
62-268
84-104
935-662
189-320
236-62
308-245
27-260
82-567
82-574
725-659
497-224
525-529
303-938
1318-24
289-731
168-343
260-518-303
1293-410-260-303
35
109
201
421
634
670
778
856
877
949
954
1035
1113
1141
1608
1614
1656
1706
1760
744
1811
1831
1779
1867
1907
1916
1932
1973
678
2005
2037
2045
2052
2080
1424
2085
2112
2108
1906
2123
2136
2189
2234
2239
2253
2251
2294
1261
2346
2350
2348
2380
2393
2394
2411
1082
2431
2437
2441
2454
2505
2571
2573
2603
1389
2650
2681
2698
2703
2716
2756
2328
1910
2793
2800
2816
761
2908
2919
2931
2978
3043
82-544
484-667
221-224
878-652
308-170
788-696
108-62
558-39
1318-27
665-410
57-25
409-582
163-585
69-61
303-448
387-408
1303-1293
1471-94
113-345
995-935
66-287
27-60
1335-726
1139-343
94-496
661-1435
236-69
631-163
484-997
1293-260-303
260-303-935
463
447
851
912
1090
1159
1333
1428
1604
1610
1641
1681
1717
1798
1806
1803
1819
1834
1849
1871
1908
1938
1945
1968
1970
1989
2011
2054
2105
2109
2117
2120
2147
2178
2206
2214
2323
2329
2359
2361
2397
2403
2433
2458
1401
2485
2496
2499
2535
2553
2559
1425
2592
1722
2656
2687
2700
2701
2704
2725
2729
2730
2199
2861
2871
2876
2170
2657
3000
3031
3114
303-246
661-134
303-654
62-402
247-222
41-553
631-795
27-585
518-995
69-289
169-611
134-1318
355-1097
355-221
518-674
606-603
544-82
1560-410
82-675
408-1293
168-104
662-1435
163-631
703-284
665-614
627-27
247-844
631-611
725-852
69-558
287-402
355-224
303-51
974-725
725-24
94-1471
26-484
795-27
361-263
224-1318
326-284
945-62
189-108
664-726
62-544
1293-664
1-975
399-113
204-287
48-51
661-497
104-904
898-574
62-272
387-1560
457-557
169-69
345-28
471-345
263-904
343-619
994-661
696-22
27-28
739-410-260
189-62-82
24-27-657
1293-260-518
696-484-22
368
453
928
1414
1453
1487
1500
1606
1613
1653
1652
1671
1738
1755
1770
1782
1853
1872
1915
1994
2000
2048
2079
2124
2132
2130
2138
2157
2180
2188
2244
2264
2268
2316
2334
1525
2341
2357
2383
2404
2409
2415
2424
2473
2471
2480
2513
2304
2569
2575
2578
2596
2634
2643
2653
2658
2669
2686
2768
2796
2802
2781
2808
2577
2851
2864
2891
2894
2905
1890
2869
2996
3007
3123
3195
27-26
240-69
662-661
224-48
620-122
246-303
351-668
1318-210
852-24
409-204
631-170
345-84
518-448
947-878
224-477
716-211
189-345
263-657
168-619
263-361
169-289
558-355
26-947
66-795
826-525
260-726
545-71
163-113
1827-1293
716-657
904-362
614-1063
1063-224
878-1560
168-359
22-1303
189-238
69-826
27-439
163-104
81-82
62-546
611-289
966-1781
71-540
402-163
1237-265
471-163
27-245
221-1097
69-236
189-544
747-518
50-24
1139-557
635-344
739-1293
611-547
220-222
48-224
69-189
471-1259
1221-497
611-236
24-25
1220-345
409-525
289-402
62-861
22-1560
1237-27
604-455
163-287
975-22
606-624
529-525
220-464
192-1-387
669-668-484
27-657-764
1293-1335-518
696-387-22
192-668-387
547-945-345
725-265-27
1318-716-27
1318-24-27
192-696-387
198
383
375
373
403
458
470
510
758
749
942
1102
1166
1196
1217
1391
1486
1631
1694
1790
1821
1881
1888
1893
1964
1979
2035
2044
2055
2082
2095
2135
2137
2173
2175
2213
2238
2255
2308
2352
2022
2355
2376
2382
2432
2435
2451
2492
2515
2478
2534
2562
2590
2601
2611
2659
2689
2696
2718
2757
2784
2813
2860
2881
2898
2906
2933
2945
2949
2953
1636
3056
3099
3113
3117
2381
26-25
25-24
389-388
122-574
189-594
711-292
27-24
263-139
652-739
236-401
795-178
24-60
59-61
303-1063
585-829
170-61
402-287
27-1335
62-122
898-122
994-746
232-624
221-448
725-27
58-308
59-66
898-540
221-746
192-484
215-764
169-409
619-343
27-44
387-31
410-726
657-656
889-525
410-24
619-168
361-1094
752-48
996-1335
27-65
345-220
84-907
236-320
351-696
631-558
60-25
506-247
347-343
27-721
1276-661
947-408
1303-410
236-611
189-81
69-345
222-219
268-345
907-12
1237-24
48-813
122-620
303-674
134-224
312-574
878-1532
163-586
725-1318
726-518
221-300
935-750
540-314
66-163
387-878
22-739
654-1435
224-1276
558-611
268-62
236-547
387-997
408-1532
220-225
873-387
303-1231
27-536
601-1384
861-62
48-221
284-502
662-746
22-1827
236-402
938-661
441-725
631-69
170-163
163-59
169-163
1384-604
303-355
85-345
69-170
163-69
624-606
345-945
345-122
518-344
668-975
750-1435
611-66
1097-661
345-1461
1097-448
308-66
27-947
1346-559
861-163
260-303-654
668-484-22
50-716-27
192-1-484
788-1-387
484-22-652
1293-260-518-303
410-260-303-935
120
291
376
698
985
983
990
1022
1049
1341
1623
1673
1702
1745
1780
1792
1805
1818
1829
1836
1846
1927
1948
1947
2008
2009
2014
2016
2065
2103
2143
2201
2204
2254
2267
2284
2303
2349
2370
2412
2430
609
2453
992
2507
2520
2523
2527
2543
2558
2566
2465
2593
2607
2627
2631
2636
2651
2666
2679
2683
2712
2728
2734
2759
2787
2837
2842
2855
2892
2893
2900
2934
2938
2963
2604
2983
2984
3016
3017
3018
3020
3047
3055
2863
1545
2765
3141
3145
28-27
24-43
124-353
401-84
464-220
62-624
189-673
551-719
355-614
359-830
222-844
558-1
401-62
829-263
904-891
662-497
391-1081
82-543
263-494
547-62
975-484
725-210
1098-287
625-729
289-590
410-25
63-235
994-974
659-716
189-471
287-232
22-1293
668-31
163-235
84-224
12-429
181-764
764-541
160-726
619-625
861-245
289-240
320-82
361-104
289-189
247-355
402-345
224-1097
170-66
220-355
361-122
27-61
873-484
484-31
661-974
829-494
898-1329
540-711
387-484
168-110
878-408
260-1482
24-525
289-287
287-82
362-1094
343-82
163-66
402-233
545-540
349-287
59-69
224-787
1329-715
272-1329
611-308
303-49
23-141
59-27
163-437
108-546
402-1220
806-705
82-80
65-626
575-1276
625-428
795-1587
1329-540
39-12
236-226
660-1318
82-546
320-518
355-575
260-995
39-907
1388-574
1471-496
607-1317
334-607
607-1718
1335-303
221-575
739-260
12-362
525-649
355-1063
26-662
1441-271
947-22
874-873
518-1435
27-1184
61-585
669-696
224-300
169-631
725-259
497-1237
1081-391
287-204
1030-907
787-27
73-771
518-625
556-343
62-233
1435-2247
287-399
361-904
660-1237
852-27
996-260
169-226
525-826
60-57
654-51
1237-259
345-104
23-113
66-631
795-170
361-1461
247-220
27-334
245-1167
303-995
471-945
345-62
62-543
559-591
224-351
163-558
290-247
355-506
314-760
631-308
585-84
938-662
163-795
355-876
320-344
441-1318
546-82
945-65
362-12
210-24
974-1237
726-995
6-249
441-1237
78-771
62-163
224-746
78-1601
58-631
61-335
232-402
169-595
59-611
219-462
345-361
163-399
891-70
756-320
169-558
303-994
747-308
558-25
189-747
82-1388
284-701
795-585
494-95
66-611
878-652-739
668-484-878
22-652-1293
303-935-994
696-484-408
739-410-260-303
380
374
454
511
524
645
644
695
684
802
801
911
1069
1110
1356
1489
1493
1578
1602
1615
1661
1825
1861
1873
1370
1935
1946
1941
1958
1965
2002
2046
2153
2155
2166
2209
2228
2231
2245
2275
2283
2345
2351
2391
2390
2164
2436
2472
2483
2487
2488
2500
2555
2583
2589
2595
2597
2615
2616
2706
2731
2738
2752
2663
2763
2570
2772
2773
1858
2780
2794
2799
2806
2810
2819
2831
2841
1647
2547
2880
2886
2899
2904
2911
2914
2915
2928
3085
3124
2469
3146
3142
3166
23-22
24-61
170-69
238-114
289-288
189-322
464-222
544-122
82-625
625-567
464-219
272-55
24-615
225-222
615-38
861-585
224-956
271-959
764-611
996-664
24-69
308-631
606-80
24-110
326-300
343-556
457-360
585-263
1233-975
518-1231
82-55
940-518
345-624
471-65
345-113
1343-1293
995-1342
1342-994
169-65
224-1063
168-320
345-85
711-314
652-518
1367-496
496-1471
82-163
232-65
562-1445
62-287
28-945
59-170
84-558
12-388
84-65
65-606
574-189
359-168
236-747
284-703
611-795
551-869
624-342
746-497
314-759
416-708
104-303
235-360
1461-12
12-898
547-163
611-826
287-168
163-1416
82-329
236-631
668-1841
1841-878
518-1587
1587-938
482-661
746-570
558-631
39-168
944-344
471-82
66-466
600-28
582-360
388-756
59-289
23-25
595-163
653-128
1276-1097
59-558
220-506
24-558
540-71
725-1237
1237-716
611-169
1097-746
1514-574
48-876
263-362
308-611
1336-24
69-308
308-58
236-529
113-142
1318-265
945-402
320-402
1118-603
362-299
615-399
362-549
345-409
292-1418
1335-28
484-1560
410-518
611-61
546-544
361-620
84-904
122-276
69-287
360-244
746-48
27-795
2347-99
22-996
362-904
82-218
408-739
789-361
484-573
558-69
43-41
163-547
547-69
559-308
1289-668
236-191
586-65
25-113
402-65
104-28
308-163
477-303
342-606
197-110
219-844
104-345
1063-48
631-59
721-303
496-94
343-606
606-625
1-1841
558-170
58-795
189-114
518-994
225-219
236-471
471-62
236-586
225-303
1278-820
168-84
876-388
27-724
226-747
994-51
51-1435
725-787
84-168
607-657
898-1514
518-1221
497-725
221-910
360-741
25-157
518-391
240-84
726-303
666-1293
359-39
192-878
1215-1139
542-284
938-1221
1027-1075
25-591
410-1335
1342-750
575-224
62-108
654-1361
263-1094
788-668
81-343
163-58
518-619
25-23
525-582
402-624
617-329
1063-221
631-401
549-420
1237-1318
51-224
58-189
549-540
62-361
974-441
25-540
181-436
611-170
66-308
82-94
30-657
61-27
611-437
1221-134
1367-289
308-558
31-1560
22-496
163-611
22-665
66-747
61-84
945-289
247-478
496-576
669-484
69-84
787-24
169-1004
355-957
1335-721
163-320
303-464
861-795
27-163
518-750
55-122
224-906
82-989
652-665
163-1219
69-861
344-391
935-496
221-661
1382-28
58-66
484-1840
142-1364
625-675
1295-464
218-27
94-2074
1576-725
51-497
26-558
215-657
484-878-652
725-716-27
716-27-657
716-27-575
27-215-764
1335-260-303
787-716-27
134-725-852
27-607-1317
260-303-995
265-27-657
192-668-947
1-484-22
205-966-1781
1318-210-27
410-260-303-654
